0.008  34.7138  14.9522
0.0072387  36.4937  15.4516
0.00654985  38.3648  15.9689
0.00592655  40.3319  16.5018
0.00536256  42.3998  17.051
0.00485225  44.5738  17.6189
0.00439049  46.8592  18.2043
0.00397268  49.2618  18.8072
0.00359463  51.7875  19.4297
0.00325256  54.4428  20.0705
0.00294304  57.2341  20.7324
0.00266297  60.1687  21.4133
0.00240955  63.2536  22.1178
0.00218025  66.4967  22.8407
0.00197278  69.9061  23.587
0.00178504  73.4903  24.357
0.00161517  77.2583  25.1479
0.00146147  81.2194  25.9639
0.00132239  85.3837  26.8034
0.00119655  89.7614  27.6707
0.00108268  94.3636  28.56
0.000979651  99.2018  29.4793
0.000886425  104.288  30.4213
0.000802071  109.635  31.3923
0.000725744  115.256  32.3945
0.00065668  121.165  33.4214
0.000594189  127.378  34.4805
0.000537644  133.909  35.5677
0.000486481  140.774  36.6874
0.000440186  147.992  37.8375
0.000398297  155.58  39.0189
0.000360394  163.556  40.2355
0.000326098  171.942  41.4853
0.000295065  180.758  42.7674
0.000266986  190.025  44.0853
0.000241579  199.768  45.4372
0.00021859  210.011  46.8295
0.000197788  220.778  48.2539
0.000178966  232.098  49.7201
0.000161935  243.997  51.2228
0.000146525  256.508  52.7623
0.000132581  269.659  54.3447
0.000119965  283.485  55.9679
0.000108548  298.019  57.6308
9.82187e-05  313.299  59.3321
8.8872e-05  329.362  61.083
8.04147e-05  346.249  62.8726
7.27622e-05  364.002  64.7061
6.5838e-05  382.664  66.5841
5.95727e-05  402.284  68.5068
5.39036e-05  422.91  70.479
4.8774e-05  444.593  72.49
4.41325e-05  467.387  74.5554
3.99328e-05  491.351  76.6641
3.61326e-05  516.543  78.8246
3.26942e-05  543.027  81.0317
2.95829e-05  570.868  83.287
2.67677e-05  600.137  85.5929
2.42204e-05  630.907  87.9504
2.19156e-05  663.254  90.3621
1.983e-05  697.26  92.8187
1.79429e-05  733.009  95.3276
1.62354e-05  770.591  97.8955
1.46904e-05  810.101  100.515
1.32925e-05  851.635  103.184
1.20275e-05  895.3  105.908
1.08829e-05  941.203  108.689
9.8473e-06  989.459  111.524
8.9102e-06  1040.19  114.412
8.06228e-06  1093.52  117.361
7.29506e-06  1149.59  120.358
6.60084e-06  1208.53  123.413
5.97269e-06  1270.49  126.535
5.40431e-06  1335.63  129.697
4.89002e-06  1404.11  132.931
4.42467e-06  1476.1  136.212
4.00361e-06  1551.78  139.558
3.62262e-06  1631.34  142.96
3.27788e-06  1714.98  146.417
2.96595e-06  1802.91  149.935
2.6837e-06  1895.35  153.507
2.42831e-06  1992.53  157.141
2.19723e-06  2094.68  160.834
1.98813e-06  2202.08  164.586
1.79894e-06  2314.98  168.391
1.62775e-06  2433.68  172.26
1.47285e-06  2558.45  176.187
1.33269e-06  2689.63  180.168
1.20586e-06  2827.53  184.207
1.09111e-06  2972.5  188.313
9.87278e-07  3124.9  192.467
8.93326e-07  3285.12  196.69
8.08315e-07  3453.55  200.958
7.31394e-07  3630.62  205.293
6.61793e-07  3816.76  209.681
5.98815e-07  4012.45  214.13
5.4183e-07  4218.18  218.63
4.90268e-07  4434.45  223.187
4.43613e-07  4661.81  227.808
4.01397e-07  4900.82  232.48
3.63199e-07  5152.09  237.205
3.28636e-07  5416.25  241.987
2.97363e-07  5693.94  246.825
2.69065e-07  5985.88  251.718
2.4346e-07  6292.78  256.659
2.20292e-07  6615.42  261.663
1.99328e-07  6954.6  266.713
1.8036e-07  7311.17  271.816
1.63196e-07  7686.02  276.967
1.47666e-07  8080.09  282.184
1.33614e-07  8494.37  287.089
