37 0.0010826329223732668 0.0010282397779843907
47 0.001383028501656001 0.0012535544723536371
59 0.0016971995927245853 0.0015192249578717114
75 0.0021276839788756615 0.001851092890318044
95 0.0026167763975833407 0.0022099327777010797
121 0.0032006309792776987 0.0025939679335404827
153 0.003867622398655174 0.0030751769643642827
194 0.004638521698509942 0.0035673537303983665
246 0.005513172944044549 0.00421968799192246
311 0.0065065940392208315 0.004824176843470197
394 0.007622163543116354 0.005449462735706135
599 0.010001921905714422 0.00674573571235756
