37 0.0011044825476224942 0.0005750077398897891
47 0.0014362077211785256 0.0007010818642377227
59 0.0017914824714761453 0.0008404283180088127
75 0.0022694274536537553 0.0010179735754226324
95 0.0028355765500616566 0.0012395500940805687
121 0.0035243886279980896 0.0015294203558481397
153 0.004312423976106289 0.0017767155416081994
194 0.005233323211701562 0.002080255118788258
246 0.006310298610756411 0.002435720314848543
311 0.007523841639074178 0.0028690929104633936
394 0.008925792268605477 0.003260112400611233
599 0.011934809257453414 0.004038693002463594
