37 0.01759987558438179 0.005314082049208781
47 0.020489530220598236 0.006081113144220922
59 0.023324292435666014 0.00684657722834769
75 0.02714433695284619 0.008057272329685066
95 0.03137306416640146 0.009032600408812817
121 0.036389263389293006 0.010363958837189501
153 0.041829124040095714 0.01173848797350525
194 0.04793443973914736 0.013306012198701258
246 0.05473231107873076 0.014398401192654236
311 0.06212140529983476 0.016650908354141573
394 0.07032820925862308 0.01846420961715733
599 0.0874426817784331 0.022516649102744427
