37 0.015101283252342217 0.009883546543793007
47 0.017451180825385233 0.011285656473250165
59 0.019720476429935463 0.012659787307630503
75 0.02279730209578112 0.014481284630030304
95 0.026143771504141537 0.01643468847022548
121 0.030088911795982328 0.018586147234356625
153 0.034359021987576524 0.02090394567900153
194 0.03904561110248739 0.023535503473766782
246 0.044227822348363026 0.026016926511323268
311 0.04982797175274725 0.02904333301194702
394 0.05593483222404985 0.03187078535940748
599 0.06857403926126733 0.03859678802917215
