0.008  34.7138  11.4816
0.0072387  36.4937  11.7944
0.00654985  38.3648  12.1144
0.00592655  40.3319  12.4415
0.00536256  42.3998  12.7755
0.00485225  44.5738  13.1171
0.00439049  46.8592  13.4654
0.00397268  49.2618  13.8224
0.00359463  51.7875  14.1866
0.00325256  54.4427  14.5587
0.00294304  57.2341  14.9386
0.00266297  60.1686  15.3257
0.00240955  63.2537  15.722
0.00218025  66.4968  16.1277
0.00197278  69.906  16.5402
0.00178504  73.4904  16.9613
0.00161517  77.2583  17.3911
0.00146147  81.2194  17.8312
0.00132239  85.3837  18.2798
0.00119655  89.7614  18.7355
0.00108268  94.3637  19.203
0.000979651  99.2018  19.6794
0.000886425  104.288  20.1648
0.000802071  109.635  20.661
0.000725744  115.256  21.1657
0.00065668  121.165  21.6814
0.000594189  127.378  22.2077
0.000537644  133.909  22.7422
0.000486481  140.774  23.2913
0.000440186  147.992  23.8474
0.000398297  155.579  24.4166
0.000360394  163.556  24.9944
0.000326098  171.942  25.5852
0.000295065  180.758  26.1881
0.000266986  190.025  26.8006
0.000241579  199.768  27.4245
0.00021859  210.01  28.0636
0.000197788  220.778  28.7119
0.000178966  232.098  29.3727
0.000161935  243.998  30.0465
0.000146525  256.508  30.7319
0.000132581  269.659  31.4308
0.000119965  283.484  32.1421
0.000108548  298.02  32.8674
9.82187e-05  313.299  33.6048
8.8872e-05  329.362  34.3572
8.04147e-05  346.249  35.1196
7.27622e-05  364.002  35.9016
6.5838e-05  382.664  36.6918
5.95727e-05  402.284  37.5011
5.39036e-05  422.909  38.3207
4.8774e-05  444.592  39.1571
4.41325e-05  467.387  40.0081
3.99328e-05  491.35  40.8715
3.61326e-05  516.543  41.7539
3.26942e-05  543.026  42.6498
2.95829e-05  570.868  43.5593
2.67677e-05  600.137  44.488
2.42204e-05  630.907  45.4297
2.19156e-05  663.254  46.3881
1.983e-05  697.26  47.364
1.79429e-05  733.01  48.3571
1.62354e-05  770.593  49.3648
1.46904e-05  810.102  50.3887
1.32925e-05  851.634  51.4297
1.20275e-05  895.3  52.49
1.08829e-05  941.204  53.5699
9.8473e-06  989.459  54.6598
8.9102e-06  1040.19  55.7731
8.06228e-06  1093.52  56.9034
7.29506e-06  1149.59  58.0521
6.60084e-06  1208.53  59.2207
5.97269e-06  1270.49  60.4021
5.40431e-06  1335.63  61.6088
4.89002e-06  1404.11  62.8338
4.42467e-06  1476.1  64.0721
4.00361e-06  1551.78  65.3387
3.62262e-06  1631.34  66.6168
3.27788e-06  1714.98  67.9188
2.96595e-06  1802.91  69.2386
2.6837e-06  1895.35  70.5833
2.42831e-06  1992.53  71.9432
2.19723e-06  2094.68  73.3257
1.98813e-06  2202.08  74.7302
1.79894e-06  2314.98  76.1555
1.62775e-06  2433.67  77.5977
1.47285e-06  2558.45  79.0651
1.33269e-06  2689.62  80.5556
1.20586e-06  2827.53  82.0666
1.09111e-06  2972.5  83.5951
9.87278e-07  3124.9  85.1513
8.93326e-07  3285.12  86.728
8.08315e-07  3453.55  88.3251
7.31394e-07  3630.62  89.9499
6.61793e-07  3816.76  91.5974
5.98815e-07  4012.45  93.2598
5.4183e-07  4218.18  94.9539
4.90268e-07  4434.45  96.6687
4.43613e-07  4661.81  98.4039
4.01397e-07  4900.83  100.168
3.63199e-07  5152.1  101.958
3.28636e-07  5416.25  103.759
2.97363e-07  5693.94  105.601
2.69065e-07  5985.88  107.459
2.4346e-07  6292.78  109.341
2.20292e-07  6615.41  111.251
1.99328e-07  6954.6  113.185
1.8036e-07  7311.16  115.14
1.63196e-07  7686.02  117.132
1.47666e-07  8080.09  119.136
1.33614e-07  8494.35  121.169
