-2.55731 2.3914
-2.45731 2.47005
-2.35731 2.54948
-2.2573 2.62907
-2.1573 2.70821
-2.05729 2.78637
-1.95729 2.86312
-1.85729 2.93796
-1.75729 3.01049
-1.65729 3.08038
-1.55729 3.14728
-1.45728 3.21081
-1.35728 3.27098
-1.25728 3.32754
-1.15728 3.38009
-1.05728 3.42873
-0.957278 3.47312
-0.857279 3.51349
-0.757276 3.54962
-0.657277 3.58107
-0.557276 3.60842
-0.457275 3.63135
-0.357274 3.64965
-0.257273 3.66363
-0.157275 3.67282
-0.0572803 3.67777
0 3.67829
0.0572803 3.67777
0.157275 3.67282
0.257273 3.66363
0.357274 3.64965
0.457275 3.63135
0.557276 3.60842
0.657277 3.58107
0.757276 3.54962
0.857279 3.51349
0.957278 3.47312
1.05728 3.42873
1.15728 3.38009
1.25728 3.32754
1.35728 3.27098
1.45728 3.21081
1.55729 3.14728
1.65729 3.08038
1.75729 3.01049
1.85729 2.93796
1.95729 2.86312
2.05729 2.78637
2.1573 2.70821
2.2573 2.62907
2.35731 2.54948
2.45731 2.47005
2.55731 2.3914
