-2.55731 3.40362
-2.45731 3.5484
-2.35731 3.69413
-2.2573 3.83943
-2.1573 3.98315
-2.05729 4.1247
-1.95729 4.26276
-1.85729 4.39659
-1.75729 4.52599
-1.65729 4.64976
-1.55729 4.76781
-1.45728 4.87948
-1.35728 4.98496
-1.25728 5.08314
-1.15728 5.1743
-1.05728 5.25857
-0.957278 5.33494
-0.857279 5.40427
-0.757276 5.46588
-0.657277 5.52005
-0.557276 5.56643
-0.457275 5.60533
-0.357274 5.63635
-0.257273 5.65994
-0.157275 5.67588
-0.0572803 5.68402
0 5.68496
0.0572803 5.68402
0.157275 5.67588
0.257273 5.65994
0.357274 5.63635
0.457275 5.60533
0.557276 5.56643
0.657277 5.52005
0.757276 5.46588
0.857279 5.40427
0.957278 5.33494
1.05728 5.25857
1.15728 5.1743
1.25728 5.08314
1.35728 4.98496
1.45728 4.87948
1.55729 4.76781
1.65729 4.64976
1.75729 4.52599
1.85729 4.39659
1.95729 4.26276
2.05729 4.1247
2.1573 3.98315
2.2573 3.83943
2.35731 3.69413
2.45731 3.5484
2.55731 3.40362
