1.19255e-05 476366 5.6809
1.42217e-05 399468 5.68113
1.69601e-05 335010 5.68179
2.02257e-05 280927 5.68196
2.41201e-05 235590 5.68246
2.87644e-05 197564 5.68282
3.4303e-05 165679 5.68328
4.0908e-05 138938 5.68367
4.87847e-05 116514 5.68409
5.81781e-05 97708.6 5.6845
6.93802e-05 81938.6 5.68492
8.27393e-05 68714.2 5.68536
9.86705e-05 57623.6 5.68575
0.000117669 48323.3 5.68617
0.000140326 40524 5.6866
0.000167346 33983.5 5.687
0.000199568 28498.5 5.6874
0.000237995 23899 5.68784
0.00028382 20041.7 5.68824
0.000338469 16807 5.68866
0.000403641 14094.4 5.68909
0.000481361 11819.6 5.6895
0.000574047 9911.93 5.68991
0.000684578 8312.14 5.69031
0.000816393 6970.56 5.69072
0.000973588 5845.55 5.69116
0.00116105 4902.12 5.6916
0.00138461 4110.92 5.69202
0.00165121 3447.42 5.69242
0.00196915 2891.01 5.69284
0.00234831 2424.41 5.69327
0.00280047 2033.11 5.69367
0.0033397 1704.97 5.69407
0.00398275 1429.8 5.69452
0.00474962 1199.02 5.69491
0.00566415 1005.51 5.69534
0.00675477 843.217 5.69574
0.00805539 707.126 5.69617
0.00960644 592.996 5.69659
0.0114561 497.286 5.69699
0.013662 417.026 5.69741
0.0162926 349.718 5.69781
0.0194297 293.274 5.69823
0.0231709 245.94 5.69863
0.0276324 206.244 5.69903
0.032953 172.957 5.69944
0.039298 145.043 5.6999
0.0468648 121.628 5.70009
0.0558885 101.991 5.70009
0.0666497 85.5366 5.70099
0.079483 71.733 5.70156
0.0947873 60.151 5.70155
0.113038 50.4397 5.70162
0.134804 42.2963 5.7017
0.16076 35.467 5.70167
0.191714 29.7396 5.7015
0.228628 24.9361 5.7011
0.27265 20.9074 5.70041
0.325149 17.5283 5.69931
0.387755 14.6939 5.69764
0.462417 12.3162 5.69524
0.551455 10.3215 5.69181
0.657636 8.64773 5.68706
0.784263 7.24309 5.68049
0.935272 6.06401 5.6715
1.11536 5.07394 5.65925
1.33012 4.24237 5.64284
1.58623 3.54352 5.62082
1.89165 2.95589 5.59153
2.25589 2.46149 5.55285
2.69026 2.0452 5.50211
3.20826 1.6944 5.43606
3.826 1.39855 5.35085
4.56269 1.14891 5.24211
5.44123 0.93814 5.10464
6.48893 0.760268 4.93333
7.73837 0.610326 4.72293
9.22838 0.484258 4.46891
11.0053 0.378749 4.16824
13.1243 0.291089 3.82035
15.6514 0.219038 3.42825
18.665 0.160699 2.99945
22.259 0.114405 2.54654
26.5449 0.0786096 2.08668
31.6561 0.0518205 1.64043
37.7514 0.0325571 1.22908
45.0204 0.0193532 0.87129
53.689 0.010799 0.579785
64.0267 0.00560765 0.359039
76.3549 0.00268433 0.204961
91.0569 0.00117206 0.106724
108.59 0.000461182 0.0500796
129.499 0.000161231 0.0208792
154.433 4.92429e-05 0.00760474
184.169 1.28754e-05 0.00237125
219.63 2.81317e-06 0.000617857
261.92 4.99145e-07 0.000130736
312.352 6.95477e-08 2.17234e-05
372.495 7.31758e-09 2.72576e-06
444.218 5.55323e-10 2.46685e-07
