1.19435e-05 3.78926e+07 452.572
1.42648e-05 3.13426e+07 447.096
1.70372e-05 2.59209e+07 441.62
2.03485e-05 2.14337e+07 436.142
2.43032e-05 1.77205e+07 430.667
2.90267e-05 1.46481e+07 425.186
3.46681e-05 1.21065e+07 419.708
4.1406e-05 1.0004e+07 414.226
4.94533e-05 8.26528e+06 408.746
5.90648e-05 6.82746e+06 403.262
7.05442e-05 5.63874e+06 397.78
8.42547e-05 4.65609e+06 392.297
0.00010063 3.8439e+06 386.812
0.000120188 3.17276e+06 381.327
0.000143547 2.61825e+06 375.841
0.000171445 2.16019e+06 370.354
0.000204766 1.78187e+06 364.867
0.000244563 1.46947e+06 359.379
0.000292095 1.21155e+06 353.889
0.000348865 998665 348.399
0.000416668 822977 342.908
0.000497649 678021 337.416
0.000594368 558447 331.923
0.000709886 459833 326.429
0.000847854 378527 320.936
0.00101264 311504 315.441
0.00120945 256269 309.944
0.00144451 210762 304.448
0.00172525 173280 298.951
0.00206056 142414 293.452
0.00246104 117005 287.953
0.00293935 96093.9 282.454
0.00351062 78890 276.953
0.00419292 64740.3 271.451
0.00500783 53106.6 265.949
0.00598112 43544.6 260.445
0.00714357 35688.4 254.942
0.00853195 29235.6 249.437
0.0101902 23938 243.932
0.0121707 19590.1 238.425
0.0145361 16023.4 232.918
0.0173612 13098.7 227.41
0.0207354 10701.5 221.901
0.0247654 8737.67 216.392
0.0295787 7129.5 210.881
0.0353274 5813.35 205.37
0.0421934 4736.7 199.857
0.0503938 3856.52 194.345
0.060188 3137.38 188.833
0.0718857 2550.12 183.317
0.085857 2070.91 177.802
0.102544 1680.12 172.286
0.122473 1361.68 166.77
0.146276 1102.38 161.252
0.174706 891.408 155.734
0.20866 719.904 150.215
0.249214 580.609 144.696
0.29765 467.586 139.177
0.355499 375.971 133.657
0.424591 301.791 128.138
0.507112 241.798 122.619
0.605671 193.341 117.101
0.723385 154.253 111.584
0.863978 122.77 106.07
1.03189 97.451 100.559
1.23245 77.1256 95.0533
1.47198 60.8398 89.5548
1.75806 47.8177 84.0664
2.09975 37.4291 78.5917
2.50784 29.1626 73.1351
2.99525 22.6039 67.7043
3.57738 17.4172 62.308
4.27266 13.3304 56.9561
5.10306 10.1243 51.6648
6.09486 7.62132 46.4509
7.27942 5.67878 41.3382
8.6942 4.1815 36.3548
10.3839 3.03691 31.5351
12.4021 2.17051 26.9188
14.8125 1.52247 22.5516
17.6914 1.04472 18.4825
21.1297 0.698703 14.7634
25.2364 0.453437 11.4431
30.1411 0.284106 8.56326
35.9992 0.170868 6.15112
42.9957 0.0979956 4.21339
51.3521 0.053199 2.73188
61.3325 0.0271116 1.66283
73.2527 0.0128513 0.941391
87.4897 0.00560764 0.49061
104.494 0.00222618 0.232622
124.802 0.000793261 0.0990007
149.058 0.000249714 0.0372218
178.028 6.81424e-05 0.0121313
212.628 1.57581e-05 0.00335062
253.953 3.006e-06 0.000763385
303.31 4.58172e-07 0.000138968
362.259 5.37435e-08 1.94691e-05
432.666 4.64011e-09 2.00762e-06
516.756 2.78903e-10 1.44125e-07
