1.19342e-05 3.5725e+07 426.348
1.42424e-05 2.95521e+07 420.894
1.69971e-05 2.44417e+07 415.439
2.02847e-05 2.02116e+07 409.985
2.42081e-05 1.67105e+07 404.528
2.88903e-05 1.38134e+07 399.072
3.44782e-05 1.14163e+07 393.614
4.11468e-05 9.43346e+06 388.157
4.91053e-05 7.79339e+06 382.697
5.8603e-05 6.43717e+06 377.237
6.99378e-05 5.31583e+06 371.777
8.34649e-05 4.38885e+06 366.315
9.96084e-05 3.62272e+06 360.853
0.000118874 2.98963e+06 355.39
0.000141867 2.46659e+06 349.927
0.000169306 2.03455e+06 344.461
0.000202052 1.67776e+06 338.995
0.000241133 1.38318e+06 333.529
0.000287772 1.14001e+06 328.062
0.000343431 939326 322.594
0.000409857 773746 317.125
0.00048913 637166 311.657
0.000583735 524529 306.186
0.000696639 431665 300.715
0.000831381 355123 295.242
0.000992184 292053 289.77
0.00118409 240097 284.296
0.00141311 197311 278.822
0.00168643 162086 273.346
0.00201261 133096 267.871
0.00240188 109245 262.394
0.00286645 89629.1 256.917
0.00342087 73501.5 251.439
0.00408252 60247 245.959
0.00487214 49358 240.479
0.0058145 40415.9 234.998
0.00693911 33075.9 229.517
0.00828125 27053.2 224.034
0.00988298 22114 218.552
0.0117945 18064.9 213.067
0.0140758 14747.5 207.582
0.0167982 12030.8 202.097
0.0200473 9807.33 196.611
0.0239248 7988.55 191.124
0.0285522 6501.63 185.636
0.0340747 5286.86 180.148
0.0406653 4295.05 174.659
0.0485306 3485.84 169.17
0.0579173 2826.09 163.68
0.0691194 2288.63 158.189
0.0824882 1851.15 152.699
0.0984428 1495.36 147.208
0.117483 1206.28 141.717
0.140206 971.619 136.227
0.167325 781.348 130.739
0.199688 627.237 125.252
0.238311 502.569 119.768
0.284404 401.847 114.287
0.339413 320.586 108.811
0.405061 255.126 103.341
0.483406 202.484 97.8822
0.576905 160.224 92.4339
0.688487 126.368 87.0026
0.821652 99.301 81.5909
0.980573 77.7169 76.2071
1.17023 60.55 70.8575
1.39657 46.9378 65.5522
1.66669 36.1811 60.3028
1.98906 27.7134 55.1236
2.37378 21.0768 50.0316
2.83291 15.9013 45.047
3.38084 11.8886 40.1933
4.03474 8.79805 35.4979
4.81513 6.436 30.9902
5.74646 4.64689 26.7031
6.85791 3.30583 22.6711
8.18435 2.31262 18.9273
9.76733 1.58743 15.505
11.6565 1.06646 12.4312
13.9111 0.699248 9.72728
16.6017 0.44605 7.40518
19.8127 0.275815 5.46465
23.6448 0.164666 3.8935
28.2181 0.0944896 2.66632
33.676 0.0518567 1.74632
40.1895 0.0270706 1.08795
47.9628 0.0133616 0.640857
57.2395 0.00619433 0.354561
68.3106 0.00267701 0.182868
81.523 0.00106933 0.0871747
97.2909 0.000390861 0.0380273
116.109 0.000129177 0.0149986
138.566 3.80427e-05 0.00527141
165.367 9.80683e-06 0.00162172
197.351 2.16524e-06 0.000427312
235.522 3.98845e-07 9.39368e-05
281.076 5.9409e-08 1.66984e-05
335.441 6.89628e-09 2.31329e-06
400.321 5.971e-10 2.39031e-07
477.749 3.65362e-11 1.74552e-08
