1.19255e-05 3.5749e+07 426.324
1.42217e-05 2.95951e+07 420.893
1.69601e-05 2.44965e+07 415.462
2.02257e-05 2.02726e+07 410.028
2.41201e-05 1.67742e+07 404.596
2.87644e-05 1.38769e+07 399.161
3.4303e-05 1.14779e+07 393.726
4.0908e-05 9.49179e+06 388.29
4.87847e-05 7.84782e+06 382.854
5.81781e-05 6.48723e+06 377.415
6.93802e-05 5.36143e+06 371.977
8.27393e-05 4.43005e+06 366.539
9.86705e-05 3.65964e+06 361.099
0.000117669 3.02251e+06 355.657
0.000140326 2.49572e+06 350.216
0.000167346 2.06025e+06 344.774
0.000199568 1.70033e+06 339.331
0.000237995 1.40292e+06 333.887
0.00028382 1.15722e+06 328.442
0.000338469 954287 322.997
0.000403641 786715 317.55
0.000481361 648375 312.103
0.000574047 534201 306.656
0.000684578 439989 301.207
0.000816393 362273 295.757
0.000973588 298183 290.308
0.00116105 245343 284.856
0.00138461 201793 279.404
0.00165121 165909 273.951
0.00196915 136352 268.498
0.00234831 112014 263.044
0.00280047 91980.6 257.589
0.0033397 75495.8 252.133
0.00398275 61936.2 246.676
0.00474962 50786.9 241.219
0.00566415 41623.2 235.76
0.00675477 34094.5 230.3
0.00805539 27911.9 224.841
0.00960644 22836.9 219.381
0.0114561 18672.8 213.919
0.013662 15258.1 208.457
0.0162926 12459.3 202.994
0.0194297 10166.4 197.53
0.0231709 8289.12 192.066
0.0276324 6752.96 186.6
0.032953 5496.78 181.135
0.039298 4470.17 175.669
0.0468648 3631.76 170.202
0.0558885 2947.54 164.734
0.0666497 2389.59 159.266
0.079483 1934.98 153.798
0.0947873 1564.87 148.33
0.113038 1263.83 142.861
0.134804 1019.22 137.394
0.16076 820.646 131.927
0.191714 659.643 126.463
0.228628 529.242 121
0.27265 423.768 115.54
0.325149 338.569 110.085
0.387755 269.853 104.637
0.462417 214.518 99.1968
0.551455 170.038 93.7681
0.657636 134.351 88.3538
0.784263 105.78 82.9591
0.935272 82.9594 77.5896
1.11536 64.7791 72.2518
1.33012 50.3378 66.9552
1.58623 38.9041 61.7107
1.89165 29.8848 56.5317
2.25589 22.8 51.4342
2.69026 17.2613 46.4372
3.20826 12.955 41.5632
3.826 9.62834 36.8381
4.56269 7.0771 32.2907
5.44123 5.13704 27.9519
6.48893 3.67633 23.8554
7.73837 2.58912 20.0355
9.22838 1.79059 16.5243
11.0053 1.21317 13.3513
13.1243 0.803024 10.5392
15.6514 0.517733 8.10325
18.665 0.323994 6.04736
22.259 0.196037 4.36357
26.5449 0.11419 3.03115
31.6561 0.0637272 2.01735
37.7514 0.0338953 1.27959
45.0204 0.0170822 0.769045
53.689 0.00810456 0.435125
64.0267 0.00359368 0.230091
76.3549 0.00147698 0.112775
91.0569 0.00055722 0.0507388
108.59 0.000190759 0.0207145
129.499 5.84335e-05 0.00756705
154.433 1.57442e-05 0.00243142
184.169 3.65425e-06 0.000673001
219.63 7.12512e-07 0.000156489
261.92 1.13276e-07 2.96693e-05
312.352 1.41771e-08 4.42824e-06
372.495 1.34037e-09 4.99281e-07
444.218 9.11338e-11 4.04833e-08
