1.19342e-05 544411 6.49709
1.42424e-05 456258 6.49822
1.69971e-05 382334 6.49858
2.02847e-05 320374 6.49869
2.42081e-05 268500 6.49987
2.88903e-05 224983 6.49981
3.44782e-05 188539 6.50047
4.11468e-05 157993 6.50092
4.91053e-05 132398 6.50142
5.8603e-05 110947 6.50185
6.99378e-05 92973.3 6.50235
8.34649e-05 77911.1 6.50284
9.96084e-05 65288.7 6.5033
0.000118874 54711.6 6.5038
0.000141867 45848.2 6.50432
0.000169306 38419.9 6.50472
0.000202052 32195.8 6.50524
0.000241133 26979.9 6.50575
0.000287772 22608.8 6.50619
0.000343431 18946.1 6.50669
0.000409857 15876.6 6.50713
0.00048913 13304.5 6.50762
0.000583735 11149.1 6.5081
0.000696639 9342.83 6.50858
0.000831381 7829.24 6.50908
0.000992184 6560.73 6.50944
0.00118409 5497.81 6.5099
0.00141311 4607.21 6.51049
0.00168643 3860.81 6.51098
0.00201261 3235.32 6.51145
0.00240188 2711.17 6.51192
0.00286645 2271.94 6.51241
0.00342087 1903.87 6.51288
0.00408252 1595.43 6.51338
0.00487214 1336.96 6.51388
0.0058145 1120.36 6.51432
0.00693911 938.851 6.5148
0.00828125 786.748 6.51526
0.00988298 659.29 6.51575
0.0117945 552.479 6.51622
0.0140758 462.973 6.51669
0.0167982 387.968 6.51718
0.0200473 325.112 6.51763
0.0239248 272.442 6.51811
0.0285522 228.303 6.51857
0.0340747 191.315 6.51902
0.0406653 160.318 6.51939
0.0485306 134.341 6.51966
0.0579173 112.575 6.52005
0.0691194 94.3392 6.52067
0.0824882 79.0586 6.5214
0.0984428 66.2466 6.5215
0.117483 55.5104 6.52155
0.140206 46.5145 6.52163
0.167325 38.9758 6.52161
0.199688 32.658 6.52141
0.238311 27.3631 6.52094
0.284404 22.9256 6.52013
0.339413 19.2063 6.51885
0.405061 16.0888 6.51692
0.483406 13.4755 6.51413
0.576905 11.2846 6.51015
0.688487 9.44771 6.50463
0.821652 7.90721 6.49697
0.980573 6.61501 6.4865
1.17023 5.53079 6.47231
1.39657 4.62064 6.45307
1.66669 3.85634 6.42735
1.98906 3.21414 6.39312
2.37378 2.67417 6.34788
2.83291 2.21981 6.2885
3.38084 1.83718 6.21119
4.03474 1.51471 6.11145
4.81513 1.24273 5.98391
5.74646 1.01335 5.82315
6.85791 0.819882 5.62268
8.18435 0.656942 5.37664
9.76733 0.520091 5.07991
11.6565 0.405712 4.72918
13.9111 0.310845 4.32418
16.6017 0.233041 3.86887
19.8127 0.170221 3.37254
23.6448 0.120546 2.85029
28.2181 0.0823096 2.32262
33.676 0.0538539 1.81358
40.1895 0.0335333 1.34768
47.9628 0.0197223 0.945935
57.2395 0.0108664 0.62199
68.3106 0.0055586 0.379711
81.523 0.00261392 0.213095
97.2909 0.00111759 0.108731
116.109 0.000428988 0.0498092
138.566 0.000145667 0.0201845
165.367 4.29907e-05 0.00710922
197.351 1.07971e-05 0.00213082
235.522 2.25013e-06 0.000529955
281.076 3.77665e-07 0.000106153
335.441 4.92927e-08 1.65348e-05
400.321 4.80157e-09 1.92217e-06
477.749 3.32368e-10 1.58789e-07
