1.19342e-05 3.77988e+07 451.097
1.42424e-05 3.129e+07 445.646
1.69971e-05 2.5898e+07 440.192
2.02847e-05 2.14319e+07 434.74
2.42081e-05 1.77332e+07 429.286
2.88903e-05 1.46704e+07 423.831
3.44782e-05 1.21345e+07 418.375
4.11468e-05 1.00353e+07 412.919
4.91053e-05 8.29771e+06 407.461
5.8603e-05 6.85978e+06 402.004
6.99378e-05 5.66997e+06 396.546
8.34649e-05 4.68562e+06 391.085
9.96084e-05 3.87141e+06 385.625
0.000118874 3.19803e+06 380.164
0.000141867 2.64123e+06 374.702
0.000169306 2.18089e+06 369.238
0.000202052 1.8004e+06 363.774
0.000241133 1.48595e+06 358.31
0.000287772 1.22613e+06 352.845
0.000343431 1.01149e+06 347.379
0.000409857 834222 341.911
0.00048913 687845 336.445
0.000583735 566997 330.976
0.000696639 467253 325.507
0.000831381 384945 320.036
0.000992184 317044 314.566
0.00118409 261039 309.093
0.00141311 214861 303.622
0.00168643 176792 298.147
0.00201261 145420 292.674
0.00240188 119572 287.199
0.00286645 98283.1 281.723
0.00342087 80753.5 276.247
0.00408252 66324.2 270.77
0.00487214 54450.6 265.291
0.0058145 44683.5 259.812
0.00693911 36652.1 254.333
0.00828125 30050 248.852
0.00988298 24625.2 243.371
0.0117945 20169.4 237.888
0.0140758 16511 232.405
0.0167982 13508.6 226.921
0.0200473 11045.7 221.436
0.0239248 9026.28 215.952
0.0285522 7371.23 210.465
0.0340747 6015.56 204.978
0.0406653 4905.67 199.491
0.0485306 3997.51 194.002
0.0579173 3254.85 188.512
0.0691194 2647.91 183.022
0.0824882 2152.21 177.532
0.0984428 1747.61 172.04
0.117483 1417.63 166.547
0.140206 1148.69 161.054
0.167325 929.691 155.56
0.199688 751.502 150.066
0.238311 606.652 144.572
0.284404 489.011 139.077
0.339413 393.567 133.581
0.405061 316.214 128.086
0.483406 253.6 122.592
0.576905 202.976 117.098
0.688487 162.103 111.606
0.821652 129.149 106.115
0.980573 102.623 100.629
1.17023 81.3067 95.1477
1.39657 64.2095 89.6733
1.66669 50.5245 84.2089
1.98906 39.5956 78.7581
2.37378 30.8899 73.3258
2.83291 23.9748 67.9182
3.38084 18.4996 62.544
4.03474 14.1805 57.2146
4.81513 10.7875 51.9432
5.74646 8.13526 46.7489
6.85791 6.07385 41.6539
8.18435 4.48233 36.685
9.76733 3.26358 31.8765
11.6565 2.33916 27.2664
13.9111 1.64614 22.8996
16.6017 1.13391 18.8249
19.8127 0.761751 15.0924
23.6448 0.496981 11.751
28.2181 0.313361 8.84245
33.676 0.189895 6.39488
40.1895 0.109903 4.41696
47.9628 0.0603215 2.89319
57.2395 0.0311509 1.78306
68.3106 0.0150033 1.02488
81.523 0.00667333 0.54403
97.2909 0.00271086 0.263742
116.109 0.000992873 0.115281
138.566 0.000322951 0.04475
165.367 9.16231e-05 0.0151514
197.351 2.21882e-05 0.00437887
235.522 4.47015e-06 0.00105282
281.076 7.26807e-07 0.000204288
335.441 9.20337e-08 3.08719e-05
400.321 8.70484e-09 3.48473e-06
477.749 5.8493e-10 2.7945e-07
