1.19435e-05 3.56964e+07 426.342
1.42648e-05 2.95036e+07 420.863
1.70372e-05 2.43811e+07 415.386
2.03485e-05 2.01444e+07 409.906
2.43032e-05 1.66409e+07 404.428
2.90267e-05 1.37441e+07 398.946
3.46681e-05 1.13495e+07 393.465
4.1406e-05 9.3702e+06 387.982
4.94533e-05 7.73456e+06 382.5
5.90648e-05 6.38307e+06 377.015
7.05442e-05 5.26664e+06 371.531
8.42547e-05 4.34451e+06 366.046
0.00010063 3.58301e+06 360.558
0.000120188 2.95431e+06 355.071
0.000143547 2.43533e+06 349.584
0.000171445 2.00703e+06 344.095
0.000204766 1.65362e+06 338.606
0.000244563 1.36208e+06 333.115
0.000292095 1.12163e+06 327.624
0.000348865 923372 322.132
0.000416668 759931 316.639
0.000497649 625230 311.145
0.000594368 514244 305.65
0.000709886 422821 300.154
0.000847854 347535 294.659
0.00101264 285553 289.162
0.00120945 234540 283.663
0.00144451 192568 278.165
0.00172525 158044 272.667
0.00206056 129657 267.165
0.00246104 106323 261.665
0.00293935 87149.6 256.163
0.00351062 71400.6 250.661
0.00419292 58469.3 245.157
0.00500783 47855.6 239.653
0.00598112 39147.7 234.147
0.00714357 32006.7 228.642
0.00853195 26152.9 223.135
0.0101902 21356.7 217.628
0.0121707 17428.7 212.119
0.0145361 14213.6 206.61
0.0173612 11583.3 201.101
0.0207354 9432.65 195.59
0.0247654 7675.19 190.079
0.0295787 6239.87 184.567
0.0353274 5068.44 179.055
0.0421934 4112.98 173.54
0.0503938 3334.27 168.027
0.060188 2700.09 162.513
0.0718857 2184 156.998
0.085857 1764.37 151.484
0.102544 1423.47 145.968
0.122473 1146.82 140.454
0.146276 922.502 134.94
0.174706 740.835 129.428
0.20866 593.871 123.917
0.249214 475.13 118.409
0.29765 379.324 112.906
0.355499 302.13 107.407
0.424591 240.034 101.916
0.507112 190.165 96.4351
0.605671 150.193 90.9675
0.723385 118.217 85.5167
0.863978 92.6978 80.0889
1.03189 72.3811 74.6897
1.23245 56.2525 69.3282
1.47198 43.4889 64.0146
1.75806 33.424 58.7614
2.09975 25.5192 53.5838
2.50784 19.3391 48.4994
2.99525 14.5333 43.5308
3.57738 10.8188 38.7028
4.27266 7.96756 34.0427
5.10306 5.79711 29.583
6.09486 4.1603 25.3564
7.27942 2.93953 21.3981
8.6942 2.04067 17.742
10.3839 1.38869 14.4201
12.4021 0.923915 11.4585
14.8125 0.599198 8.87561
17.6914 0.377533 6.67907
21.1297 0.230234 4.86478
25.2364 0.135323 3.41506
30.1411 0.0763035 2.29987
35.9992 0.0410613 1.47817
42.9957 0.0209687 0.901564
51.3521 0.0100986 0.518585
61.3325 0.00455518 0.279381
73.2527 0.00190952 0.139877
87.4897 0.00073734 0.0645097
104.494 0.000259541 0.0271204
124.802 8.22451e-05 0.0102644
149.058 2.3108e-05 0.00344444
178.028 5.64989e-06 0.00100584
212.628 1.17493e-06 0.000249823
253.953 2.02151e-07 5.1337e-05
303.31 2.7842e-08 8.44475e-06
362.259 2.9512e-09 1.0691e-06
432.666 2.29517e-10 9.93042e-08
516.756 1.23048e-11 6.35858e-09
