1.19255e-05 1.48067e+06 17.6577
1.42217e-05 1.24168e+06 17.6589
1.69601e-05 1.04129e+06 17.6604
2.02257e-05 873229 17.6617
2.41201e-05 732288 17.6629
2.87644e-05 614101 17.6643
3.4303e-05 514986 17.6656
4.0908e-05 431867 17.6668
4.87847e-05 362166 17.6682
5.81781e-05 303711 17.6693
6.93802e-05 254693 17.6707
8.27393e-05 213587 17.6721
9.86705e-05 179115 17.6734
0.000117669 150205 17.6745
0.000140326 125962 17.6759
0.000167346 105632 17.6772
0.000199568 88583.5 17.6785
0.000237995 74286.4 17.6798
0.00028382 62296.8 17.6811
0.000338469 52242.1 17.6824
0.000403641 43810.3 17.6836
0.000481361 36739.3 17.6849
0.000574047 30809.9 17.6863
0.000684578 25837.2 17.6876
0.000816393 21667 17.6887
0.000973588 18170.1 17.6902
0.00116105 15237.5 17.6915
0.00138461 12778.2 17.6928
0.00165121 10715.7 17.694
0.00196915 8986.26 17.6953
0.00234831 7535.91 17.6966
0.00280047 6319.63 17.6979
0.0033397 5299.65 17.6992
0.00398275 4444.3 17.7005
0.00474962 3726.98 17.7018
0.00566415 3125.45 17.703
0.00675477 2620.99 17.7042
0.00805539 2197.98 17.7056
0.00960644 1843.23 17.7069
0.0114561 1545.72 17.708
0.013662 1296.24 17.7092
0.0162926 1087.02 17.7104
0.0194297 911.567 17.7115
0.0231709 764.435 17.7126
0.0276324 641.043 17.7136
0.032953 537.569 17.7145
0.039298 450.793 17.7153
0.0468648 378.015 17.7156
0.0558885 316.98 17.7155
0.0666497 265.809 17.7161
0.079483 222.885 17.7156
0.0947873 186.884 17.7142
0.113038 156.691 17.7121
0.134804 131.369 17.709
0.16076 110.129 17.7043
0.191714 92.3137 17.6978
0.228628 77.3689 17.6887
0.27265 64.8316 17.6764
0.325149 54.3125 17.6596
0.387755 45.4857 17.6373
0.462417 38.0776 17.6078
0.551455 31.8592 17.5689
0.657636 26.638 17.5181
0.784263 22.253 17.4522
0.935272 18.5691 17.3672
1.11536 15.4732 17.2581
1.33012 12.8705 17.1193
1.58623 10.6818 16.9438
1.89165 8.84075 16.7236
2.25589 7.29187 16.4496
2.69026 5.98892 16.1117
3.20826 4.89334 15.6991
3.826 3.97304 15.2009
4.56269 3.20132 14.6066
5.44123 2.5559 13.9072
6.48893 2.01834 13.0969
7.73837 1.57318 12.1739
9.22838 1.20743 11.1426
11.0053 0.910038 10.0152
13.1243 0.671467 8.81256
15.6514 0.483319 7.56461
18.665 0.338035 6.30944
22.259 0.22871 5.09084
26.5449 0.148951 3.95389
31.6561 0.0928648 2.93974
37.7514 0.0550895 2.07971
45.0204 0.0308887 1.39062
53.689 0.0162502 0.872456
64.0267 0.00795692 0.509455
76.3549 0.00359389 0.274411
91.0569 0.00148219 0.134963
108.59 0.000551615 0.0598998
129.499 0.000182677 0.0236564
154.433 5.29315e-05 0.00817438
184.169 1.31486e-05 0.00242156
219.63 2.73253e-06 0.000600147
261.92 4.61507e-07 0.000120878
312.352 6.12223e-08 1.91229e-05
372.495 6.12936e-09 2.28316e-06
444.218 4.41738e-10 1.96228e-07
