1.19435e-05 621609 7.4242
1.42648e-05 520499 7.42481
1.70372e-05 435823 7.4252
2.03485e-05 364911 7.42537
2.43032e-05 305588 7.42677
2.90267e-05 255851 7.42649
3.46681e-05 214247 7.42755
4.1406e-05 179392 7.4279
4.94533e-05 150212 7.42849
5.90648e-05 125778 7.42904
7.05442e-05 105318 7.4296
8.42547e-05 88186.5 7.43013
0.00010063 73842 7.43071
0.000120188 61830.2 7.43123
0.000143547 51772.9 7.43181
0.000171445 43351 7.43233
0.000204766 36299.3 7.43287
0.000244563 30395 7.4335
0.000292095 25450.4 7.43394
0.000348865 21310.7 7.43454
0.000416668 17844.1 7.43505
0.000497649 14941.6 7.43564
0.000594368 12511 7.43617
0.000709886 10476 7.43673
0.000847854 8771.85 7.43725
0.00101264 7345.13 7.43795
0.00120945 6150.3 7.43846
0.00144451 5149.75 7.43886
0.00172525 4312.11 7.43947
0.00206056 3610.67 7.44002
0.00246104 3023.34 7.44057
0.00293935 2531.55 7.44112
0.00351062 2119.76 7.44168
0.00419292 1774.94 7.4422
0.00500783 1486.22 7.44273
0.00598112 1244.47 7.44331
0.00714357 1042.04 7.44388
0.00853195 872.532 7.4444
0.0101902 730.603 7.44497
0.0121707 611.758 7.4455
0.0145361 512.246 7.44604
0.0173612 428.922 7.44659
0.0207354 359.15 7.44713
0.0247654 300.729 7.44767
0.0295787 251.81 7.44819
0.0353274 210.848 7.44871
0.0421934 176.55 7.44925
0.0503938 147.834 7.44992
0.060188 123.79 7.45067
0.0718857 103.645 7.45058
0.085857 86.7841 7.45101
0.102544 72.6672 7.45156
0.122473 60.8429 7.45162
0.146276 50.9427 7.45171
0.174706 42.6528 7.45168
0.20866 35.7108 7.45143
0.249214 29.8976 7.45089
0.29765 25.0293 7.44996
0.355499 20.9521 7.44845
0.424591 17.5374 7.44621
0.507112 14.6771 7.44294
0.605671 12.2811 7.43831
0.723385 10.2737 7.43184
0.863978 8.59151 7.42287
1.03189 7.18155 7.4106
1.23245 5.99937 7.39391
1.47198 5.00782 7.3714
1.75806 4.17574 7.34121
2.09975 3.4771 7.30102
2.50784 2.89007 7.24783
2.99525 2.39647 7.17801
3.57738 1.98108 7.08709
4.27266 1.63125 6.96976
5.10306 1.33646 6.82003
6.09486 1.08793 6.6308
7.27942 0.878545 6.3953
8.6942 0.702372 6.10656
10.3839 0.554593 5.75887
12.4021 0.431276 5.34873
14.8125 0.329204 4.87634
17.6914 0.245712 4.34697
21.1297 0.178527 3.77223
25.2364 0.125631 3.17046
30.1411 0.0851361 2.5661
35.9992 0.0552039 1.98729
42.9957 0.0340073 1.46217
51.3521 0.0197476 1.01408
61.3325 0.0107168 0.65729
73.2527 0.00538447 0.394427
87.4897 0.00247881 0.21687
104.494 0.00103355 0.107999
124.802 0.000385163 0.0480692
149.058 0.00012631 0.0188275
178.028 3.57823e-05 0.00637025
212.628 8.56461e-06 0.00182108
253.953 1.68677e-06 0.00042836
303.31 2.64906e-07 8.03486e-05
362.259 3.19728e-08 1.15824e-05
432.666 2.8387e-09 1.22821e-06
516.756 1.75616e-10 9.07507e-08
