1.19342e-05 1.5294e+06 18.2522
1.42424e-05 1.28166e+06 18.254
1.69971e-05 1.07401e+06 18.2552
2.02847e-05 900005 18.2563
2.42081e-05 754206 18.2579
2.88903e-05 632017 18.2591
3.44782e-05 529621 18.2604
4.11468e-05 443822 18.2619
4.91053e-05 371916 18.2631
5.8603e-05 311664 18.2645
6.99378e-05 261173 18.2659
8.34649e-05 218860 18.2671
9.96084e-05 183403 18.2685
0.000118874 153691 18.2699
0.000141867 128792 18.2713
0.000169306 107925 18.2724
0.000202052 90440.9 18.2738
0.000241133 75788.8 18.2752
0.000287772 63510.3 18.2765
0.000343431 53221.2 18.2778
0.000409857 44598.9 18.2791
0.00048913 37373.9 18.2807
0.000583735 31318.9 18.282
0.000696639 26244.9 18.2833
0.000831381 21993 18.2846
0.000992184 18430 18.2859
0.00118409 15444.1 18.2872
0.00141311 12942.1 18.2887
0.00168643 10845.3 18.2899
0.00201261 9088.34 18.2913
0.00240188 7615.96 18.2927
0.00286645 6382.13 18.294
0.00342087 5348.17 18.2954
0.00408252 4481.73 18.2967
0.00487214 3755.64 18.298
0.0058145 3147.19 18.2993
0.00693911 2637.33 18.3007
0.00828125 2210.04 18.3019
0.00988298 1852 18.3033
0.0117945 1551.95 18.3045
0.0140758 1300.51 18.3057
0.0167982 1089.81 18.307
0.0200473 913.245 18.3081
0.0239248 765.286 18.3093
0.0285522 641.29 18.3103
0.0340747 537.384 18.3112
0.0406653 450.308 18.3119
0.0485306 377.337 18.3124
0.0579173 316.187 18.3127
0.0691194 264.94 18.3125
0.0824882 221.998 18.3122
0.0984428 186.003 18.3107
0.117483 155.838 18.3084
0.140206 130.556 18.3049
0.167325 109.368 18.2999
0.199688 91.6069 18.2928
0.238311 76.7193 18.283
0.284404 64.2384 18.2697
0.339413 53.7741 18.2516
0.405061 44.9992 18.2274
0.483406 37.6403 18.1956
0.576905 31.4671 18.1535
0.688487 26.2876 18.0987
0.821652 21.9404 18.0274
0.980573 18.2909 17.9356
1.17023 15.226 17.8179
1.39657 12.651 17.6681
1.66669 10.4871 17.4787
1.98906 8.6681 17.2414
2.37378 7.13895 16.9463
2.83291 5.85362 16.5828
3.38084 4.77382 16.1395
4.03474 3.86771 15.6052
4.81513 3.10876 14.9691
5.74646 2.47502 14.2226
6.85791 1.94813 13.3601
8.18435 1.51277 12.381
9.76733 1.15606 11.2916
11.6565 0.86699 10.1061
13.9111 0.63605 8.84813
16.6017 0.454823 7.55083
19.8127 0.315715 6.25518
23.6448 0.211769 5.00724
28.2181 0.136562 3.85351
33.676 0.084184 2.83498
40.1895 0.0492995 1.98132
47.9628 0.0272377 1.30639
57.2395 0.0140901 0.806512
68.3106 0.00676765 0.462302
81.523 0.00299009 0.243761
97.2909 0.00120241 0.116983
116.109 0.000434707 0.0504732
138.566 0.000139242 0.0192941
165.367 3.88256e-05 0.00642046
197.351 9.22586e-06 0.00182074
235.522 1.82118e-06 0.000428929
281.076 2.89733e-07 8.14369e-05
335.441 3.58447e-08 1.20238e-05
400.321 3.30616e-09 1.32353e-06
477.749 2.16025e-10 1.03206e-07
