1.19435e-05 1.5746e+06 18.8063
1.42648e-05 1.31844e+06 18.8073
1.70372e-05 1.10399e+06 18.809
2.03485e-05 924393 18.81
2.43032e-05 774057 18.8121
2.90267e-05 648126 18.8129
3.46681e-05 542708 18.8146
4.1406e-05 454424 18.8158
4.94533e-05 380507 18.8173
5.90648e-05 318609 18.8186
7.05442e-05 266784 18.8201
8.42547e-05 223388 18.8215
0.00010063 187049 18.8228
0.000120188 156623 18.8242
0.000143547 131147 18.8256
0.000171445 109814 18.8271
0.000204766 91951 18.8285
0.000244563 76994 18.8299
0.000292095 64469.6 18.8312
0.000348865 53982.7 18.8327
0.000416668 45201.5 18.834
0.000497649 37848.8 18.8354
0.000594368 31692 18.8367
0.000709886 26536.7 18.838
0.000847854 22220.3 18.8396
0.00101264 18605.8 18.841
0.00120945 15579.2 18.8422
0.00144451 13045 18.8436
0.00172525 10923.1 18.8451
0.00206056 9146.24 18.8464
0.00246104 7658.48 18.8478
0.00293935 6412.72 18.8492
0.00351062 5369.6 18.8506
0.00419292 4496.15 18.852
0.00500783 3764.77 18.8533
0.00598112 3152.36 18.8547
0.00714357 2639.6 18.8562
0.00853195 2210.21 18.8574
0.0101902 1850.69 18.8589
0.0121707 1549.63 18.86
0.0145361 1297.55 18.8613
0.0173612 1086.48 18.8626
0.0207354 909.738 18.8638
0.0247654 761.75 18.8651
0.0295787 637.826 18.866
0.0353274 534.062 18.867
0.0421934 447.171 18.8676
0.0503938 374.416 18.8682
0.060188 313.497 18.8687
0.0718857 262.477 18.8683
0.085857 219.756 18.8676
0.102544 183.981 18.866
0.122473 154.022 18.8636
0.146276 128.932 18.8597
0.174706 107.92 18.8543
0.20866 90.3219 18.8466
0.249214 75.581 18.8359
0.29765 63.2332 18.8213
0.355499 52.8882 18.8017
0.424591 44.2203 18.7756
0.507112 36.9561 18.7409
0.605671 30.8671 18.6953
0.723385 25.7619 18.6358
0.863978 21.4803 18.5585
1.03189 17.8883 18.4588
1.23245 14.8738 18.3311
1.47198 12.3431 18.1688
1.75806 10.2179 17.9637
2.09975 8.43288 17.7069
2.50784 6.93341 17.3879
2.99525 5.67418 16.9956
3.57738 4.61738 16.5181
4.27266 3.73156 15.9437
5.10306 2.99071 15.2618
6.09486 2.37309 14.4636
7.27942 1.86071 13.5449
8.6942 1.43846 12.5063
10.3839 1.09362 11.3561
12.4021 0.815316 10.1116
14.8125 0.594069 8.79964
17.6914 0.421477 7.45651
21.1297 0.289942 6.1264
25.2364 0.192483 4.85756
30.1411 0.122666 3.69729
35.9992 0.0746031 2.68565
42.9957 0.0430197 1.84966
51.3521 0.0233528 1.19922
61.3325 0.0118396 0.726155
73.2527 0.00555729 0.407086
87.4897 0.00239149 0.20923
104.494 0.000933093 0.0975022
124.802 0.000325852 0.0406671
149.058 0.000100296 0.0149499
178.028 2.67102e-05 0.00475516
212.628 6.01859e-06 0.00127972
253.953 1.11709e-06 0.000283688
303.31 1.65424e-07 5.01746e-05
362.259 1.88195e-08 6.81755e-06
432.666 1.57189e-09 6.80103e-07
516.756 9.09821e-11 4.70155e-08
