1.19255e-05 3.77061e+07 449.663
1.42217e-05 3.12362e+07 444.233
1.69601e-05 2.58728e+07 438.804
2.02257e-05 2.14268e+07 433.372
2.41201e-05 1.77421e+07 427.941
2.87644e-05 1.46885e+07 422.508
3.4303e-05 1.21586e+07 417.075
4.0908e-05 1.00626e+07 411.64
4.87847e-05 8.3265e+06 406.206
5.81781e-05 6.88865e+06 400.769
6.93802e-05 5.69806e+06 395.333
8.27393e-05 4.71235e+06 389.896
9.86705e-05 3.89638e+06 384.458
0.000117669 3.22104e+06 379.018
0.000140326 2.66221e+06 373.578
0.000167346 2.19986e+06 368.138
0.000199568 1.81741e+06 362.697
0.000237995 1.5011e+06 357.255
0.00028382 1.23956e+06 351.812
0.000338469 1.02334e+06 346.368
0.000403641 844619 340.923
0.000481361 696934 335.477
0.000574047 574923 330.032
0.000684578 474138 324.585
0.000816393 390910 319.136
0.000973588 322199 313.689
0.00116105 265483 308.239
0.00138461 218682 302.789
0.00165121 180072 297.337
0.00196915 148229 291.886
0.00234831 121975 286.434
0.00280047 100333 280.98
0.0033397 82500.4 275.526
0.00398275 67810.3 270.071
0.00474962 55712.9 264.615
0.00566415 45754.1 259.158
0.00675477 37558.7 253.7
0.00805539 30817 248.243
0.00960644 25273.1 242.784
0.0114561 20715.8 237.324
0.013662 16971.4 231.863
0.0162926 13896 226.402
0.0194297 11371.2 220.94
0.0231709 9299.49 215.477
0.0276324 7600.25 210.013
0.032953 6207.3 204.549
0.039298 5066.01 199.084
0.0468648 4131.4 193.617
0.0558885 3366.51 188.149
0.0666497 2740.94 182.683
0.079483 2229.59 177.215
0.0947873 1811.9 171.745
0.113038 1470.96 166.275
0.134804 1192.88 160.805
0.16076 966.241 155.333
0.191714 781.696 149.862
0.228628 631.547 144.39
0.27265 509.507 138.917
0.325149 410.41 133.444
0.387755 330.033 127.972
0.462417 264.912 122.5
0.551455 212.218 117.029
0.657636 169.636 111.559
0.784263 135.276 106.092
0.935272 107.593 100.628
1.11536 85.3262 95.1691
1.33012 67.4507 89.7173
1.58623 53.1294 84.2754
1.89165 41.6815 78.8469
2.25589 32.5533 73.4367
2.69026 25.2954 68.0511
3.20826 19.5428 62.6983
3.826 14.9999 57.3898
4.56269 11.4273 52.1394
5.44123 8.63108 46.9637
6.48893 6.45493 41.8856
7.73837 4.77262 36.9323
9.22838 3.48228 32.1358
11.0053 2.50196 27.5348
13.1243 1.76558 23.1721
15.6514 1.22009 19.0961
18.665 0.822727 15.3562
22.259 0.539151 12.001
26.5449 0.34175 9.07173
31.6561 0.208413 6.59752
37.7514 0.121542 4.58838
45.0204 0.0673241 3.03095
53.689 0.0351537 1.88737
64.0267 0.0171583 1.09859
76.3549 0.00775519 0.592147
91.0569 0.00321147 0.292426
108.59 0.00120356 0.130694
129.499 0.000402341 0.0521026
154.433 0.000117919 0.0182105
184.169 2.96782e-05 0.00546581
219.63 6.25821e-06 0.00137449
261.92 1.07393e-06 0.000281283
312.352 1.44947e-07 4.52746e-05
372.495 1.47873e-08 5.5082e-06
444.218 1.08819e-09 4.83396e-07
