7.17387 0.00413692 102.798 9.3793e-48
7.22409 0.00451385 101.821 2.71744e-47
7.27465 0.00491897 100.838 7.91602e-47
7.32558 0.00535385 99.8491 2.31616e-46
7.37686 0.00582008 98.8516 6.82686e-46
7.42849 0.00631931 97.849 2.02021e-45
7.48049 0.00685324 96.8474 5.96506e-45
7.53286 0.00742359 95.8382 1.77264e-44
7.58559 0.00803213 94.8182 5.31855e-44
7.63869 0.00868067 93.7987 1.59335e-43
7.69216 0.00937102 92.7753 4.78609e-43
7.746 0.010105 91.7413 1.45148e-42
7.80022 0.0108859 90.6938 4.45691e-42
7.85482 0.011713 89.6621 1.34552e-41
7.90981 0.0125894 88.6171 4.11225e-41
7.96518 0.0135173 87.5545 1.27773e-40
8.02093 0.0144984 86.506 3.91068e-40
8.07708 0.0155347 85.4412 1.21529e-39
8.13362 0.0166283 84.3724 3.78768e-39
8.19055 0.017781 83.304 1.17894e-38
8.24789 0.0189949 82.2348 3.66887e-38
8.30562 0.0202718 81.1484 1.1604e-37
8.36376 0.0216137 80.071 3.63353e-37
8.42231 0.0230224 78.9832 1.14863e-36
8.48127 0.0245 77.8918 3.64084e-36
8.54063 0.0260481 76.796 1.15796e-35
8.60042 0.0276687 75.7013 3.67566e-35
8.66062 0.0293635 74.5984 1.17525e-34
8.72125 0.031137 73.487 3.78672e-34
8.7823 0.0329853 72.3825 1.21054e-33
8.84377 0.0349127 71.2687 3.90293e-33
8.90568 0.0369209 70.1564 1.2553e-32
8.96802 0.0390114 69.0445 4.03227e-32
9.03079 0.0411854 67.9256 1.3032e-31
9.09401 0.0434444 66.804 4.2202e-31
9.15767 0.0457896 65.6775 1.37209e-30
9.22177 0.0482222 64.5504 4.46011e-30
9.28632 0.0507433 63.4291 1.44035e-29
9.35133 0.0533537 62.3001 4.68345e-29
9.41679 0.0560544 61.1756 1.51484e-28
9.4827 0.0588461 60.0426 4.93804e-28
9.54908 0.0617295 58.9086 1.60992e-27
9.61593 0.0647052 57.7803 5.21532e-27
9.68324 0.0677735 56.6506 1.69053e-26
9.75102 0.0709348 55.5154 5.50569e-26
9.81928 0.0741942 54.3899 1.77481e-25
9.88801 0.0775417 53.2557 5.76618e-25
9.95723 0.0809823 52.1269 1.86191e-24
10.0269 0.0845159 50.9924 6.0427e-24
10.0971 0.088142 49.8684 1.93914e-23
10.1678 0.0918602 48.7411 6.23943e-23
10.239 0.0956699 47.6224 1.98898e-22
10.3106 0.0995704 46.5019 6.34748e-22
10.3828 0.103561 45.3798 2.02773e-21
10.4555 0.10764 44.2637 6.43448e-21
10.5287 0.111807 43.1561 2.02306e-20
10.6024 0.11606 42.0469 6.36687e-20
10.6766 0.120399 40.9449 1.98837e-19
10.7513 0.124821 39.8411 6.21629e-19
10.8266 0.129324 38.75 1.91756e-18
10.9024 0.133908 37.6572 5.92242e-18
10.9787 0.138577 36.5774 1.80438e-17
11.0556 0.143314 35.4984 5.48966e-17
11.1329 0.148126 34.4275 1.65554e-16
11.2109 0.153008 33.3609 4.96909e-16
11.2894 0.15796 32.3062 1.47276e-15
11.3684 0.162978 31.2598 4.32694e-15
11.448 0.16806 30.2188 1.26353e-14
11.5281 0.173203 29.1861 3.65774e-14
11.6088 0.178404 28.1672 1.04362e-13
11.69 0.18366 27.1533 2.96131e-13
11.7719 0.188968 26.1567 8.25413e-13
11.8543 0.194326 25.166 2.28589e-12
11.9373 0.199729 24.1897 6.23725e-12
12.0208 0.205175 23.2218 1.68673e-11
12.105 0.21066 22.269 4.4904e-11
12.1897 0.21618 21.3326 1.17539e-10
12.275 0.221733 20.4072 3.04163e-10
12.361 0.227322 19.4966 7.75132e-10
12.4475 0.232928 18.6019 1.94315e-09
12.5346 0.238555 17.7213 4.801e-09
12.6224 0.2442 16.861 1.16169e-08
12.7107 0.249859 16.0165 2.76588e-08
12.7997 0.255528 15.1892 6.46949e-08
12.8893 0.261204 14.3814 1.48324e-07
12.9795 0.266882 13.5925 3.33543e-07
13.0704 0.272559 12.8237 7.34855e-07
13.1619 0.278231 12.075 1.58606e-06
13.254 0.283894 11.3491 3.34415e-06
13.3468 0.289545 10.6439 6.90424e-06
13.4402 0.29518 9.95912 1.39604e-05
13.5343 0.300794 9.30171 2.74528e-05
13.629 0.306385 8.66592 5.28087e-05
13.7244 0.311949 8.05382 9.91636e-05
13.8205 0.31749 7.46741 0.000181415
13.9172 0.322987 6.90497 0.000323887
14.0147 0.328446 6.36737 0.000563836
14.1128 0.333864 5.85767 0.000954147
14.2116 0.339236 5.37248 0.00157494
14.311 0.344559 4.91321 0.00253212
14.4112 0.349831 4.47949 0.00396678
14.5121 0.355048 4.07193 0.00605161
14.6137 0.360206 3.69005 0.00899461
14.716 0.365302 3.33317 0.013034
14.819 0.370334 2.99964 0.0184446
14.9227 0.375299 2.69244 0.0254136
15.0272 0.380193 2.40858 0.0341957
15.1324 0.385014 2.14621 0.0450183
15.2383 0.389758 1.90743 0.0578641
15.345 0.394425 1.68833 0.0729009
15.4524 0.39901 1.48992 0.0899332
15.5605 0.403519 1.31032 0.108842
15.6695 0.407934 1.14815 0.129406
15.7791 0.412262 1.00268 0.151257
15.8896 0.416499 0.872677 0.174027
16.0008 0.420645 0.757071 0.197298
16.1128 0.424696 0.654658 0.22068
16.2256 0.428651 0.564177 0.243829
16.3392 0.432509 0.484441 0.266444
16.4536 0.436267 0.414749 0.288157
16.5688 0.439925 0.35401 0.308769
16.6847 0.443481 0.300993 0.328213
16.8015 0.446933 0.25527 0.346242
16.9191 0.45028 0.215752 0.362896
17.0376 0.453521 0.181721 0.378162
17.1568 0.456656 0.152572 0.392038
17.2769 0.459683 0.127707 0.404572
17.3979 0.462606 0.106566 0.415844
17.5197 0.465416 0.0886494 0.425933
17.6423 0.468115 0.0735154 0.434936
17.7658 0.470704 0.0607571 0.442957
17.8902 0.473183 0.0500027 0.450104
18.0154 0.47555 0.0410486 0.456425
18.1415 0.477806 0.0335582 0.462038
18.2685 0.479952 0.0273448 0.467005
18.3964 0.481985 0.0221818 0.471412
18.5251 0.483908 0.0179187 0.475314
18.6548 0.485719 0.0144335 0.478759
18.7854 0.487419 0.0115682 0.481813
18.9169 0.489009 0.00922801 0.484517
19.0493 0.490488 0.00732458 0.486909
19.1827 0.491858 0.00579031 0.489018
19.3169 0.493118 0.00455592 0.490876
19.4522 0.494269 0.00356058 0.492512
19.5883 0.495314 0.00277171 0.493943
19.7254 0.49625 0.00214521 0.495186
19.8635 0.497079 0.00165155 0.496259
20.0026 0.497803 0.00126466 0.497173
20.1426 0.498421 0.000962442 0.497942
20.2836 0.498937 0.000729325 0.498573
20.4256 0.499349 0.000549699 0.499075
20.5685 0.49966 0.000411656 0.499454
20.7125 0.49987 0.000306691 0.499717
20.8575 0.499981 0.000227439 0.499867
21.0035 0.499993 0.000167638 0.49991
21.1505 0.499909 0.000123018 0.499848
21.2986 0.49973 8.96794e-05 0.499685
21.4477 0.499456 6.50444e-05 0.499423
21.5978 0.499089 4.68915e-05 0.499066
21.749 0.498631 3.35986e-05 0.498614
21.9012 0.498082 2.39194e-05 0.49807
22.0545 0.497446 1.68924e-05 0.497437
22.2089 0.496722 1.18433e-05 0.496716
22.3644 0.495913 8.21829e-06 0.495909
22.5209 0.495021 5.64921e-06 0.495018
22.6786 0.494046 3.83835e-06 0.494044
22.8373 0.49299 2.56665e-06 0.492989
22.9972 0.491855 1.6847e-06 0.491855
23.1582 0.490643 1.07674e-06 0.490643
23.3203 0.489355 6.75446e-07 0.489355
23.4835 0.487993 4.08661e-07 0.487993
23.6479 0.486559 2.34304e-07 0.486559
23.8134 0.485053 1.21427e-07 0.485053
23.9801 0.483479 5.60147e-08 0.483479
24.148 0.481837 1.86344e-08 0.481837
24.317 0.480129 0 0.480129
24.4873 0.478358 0 0.478358
24.6587 0.476521 0 0.476521
24.8313 0.474626 0 0.474626
25.0051 0.472672 0 0.472672
25.1801 0.470661 0 0.470661
25.3564 0.468594 0 0.468594
25.5339 0.466473 0 0.466473
25.7126 0.4643 0 0.4643
25.8926 0.462076 0 0.462076
26.0739 0.459803 0 0.459803
26.2564 0.457483 0 0.457483
26.4402 0.455117 0 0.455117
26.6253 0.452706 0 0.452706
26.8116 0.450253 0 0.450253
26.9993 0.447759 0 0.447759
27.1883 0.445225 0 0.445225
27.3786 0.442654 0 0.442654
27.5703 0.440042 0 0.440042
27.7633 0.437399 0 0.437399
27.9576 0.434723 0 0.434723
28.1533 0.432015 0 0.432015
28.3504 0.429276 0 0.429276
28.5488 0.426508 0 0.426508
28.7487 0.423713 0 0.423713
28.9499 0.420891 0 0.420891
29.1526 0.418045 0 0.418045
29.3566 0.415175 0 0.415175
29.5621 0.412282 0 0.412282
29.7691 0.409369 0 0.409369
29.9775 0.406436 0 0.406436
30.1873 0.403485 0 0.403485
30.3986 0.400517 0 0.400517
30.6114 0.397532 0 0.397532
30.8257 0.394534 0 0.394534
31.0415 0.391517 0 0.391517
31.2588 0.388492 0 0.388492
31.4776 0.385456 0 0.385456
31.6979 0.38241 0 0.38241
31.9198 0.379355 0 0.379355
32.1432 0.376291 0 0.376291
32.3682 0.373221 0 0.373221
32.5948 0.370145 0 0.370145
32.823 0.367063 0 0.367063
33.0527 0.363978 0 0.363978
33.2841 0.36089 0 0.36089
33.5171 0.357799 0 0.357799
33.7517 0.354707 0 0.354707
33.988 0.351614 0 0.351614
34.2259 0.348522 0 0.348522
34.4655 0.345432 0 0.345432
34.7067 0.342343 0 0.342343
34.9497 0.339253 0 0.339253
35.1943 0.336171 0 0.336171
35.4407 0.333093 0 0.333093
35.6888 0.33002 0 0.33002
35.9386 0.326953 0 0.326953
36.1902 0.323893 0 0.323893
36.4435 0.320839 0 0.320839
36.6986 0.317793 0 0.317793
36.9555 0.314756 0 0.314756
37.2142 0.311727 0 0.311727
37.4747 0.308708 0 0.308708
37.737 0.305699 0 0.305699
38.0012 0.302701 0 0.302701
38.2672 0.299714 0 0.299714
38.535 0.296738 0 0.296738
38.8048 0.293775 0 0.293775
39.0764 0.29082 0 0.29082
39.35 0.287882 0 0.287882
39.6254 0.284958 0 0.284958
39.9028 0.282047 0 0.282047
40.1821 0.279151 0 0.279151
40.4634 0.27627 0 0.27627
40.7466 0.273404 0 0.273404
41.0318 0.270553 0 0.270553
41.3191 0.267717 0 0.267717
41.6083 0.264898 0 0.264898
41.8996 0.262095 0 0.262095
42.1929 0.259309 0 0.259309
42.4882 0.25654 0 0.25654
42.7856 0.253787 0 0.253787
43.0851 0.251053 0 0.251053
43.3867 0.248336 0 0.248336
43.6904 0.245637 0 0.245637
43.9963 0.242952 0 0.242952
44.3042 0.240289 0 0.240289
44.6144 0.237646 0 0.237646
44.9267 0.23502 0 0.23502
45.2411 0.232414 0 0.232414
45.5578 0.229827 0 0.229827
45.8767 0.227258 0 0.227258
46.1979 0.224709 0 0.224709
46.5213 0.22218 0 0.22218
46.8469 0.21967 0 0.21967
47.1748 0.21718 0 0.21718
47.5051 0.214709 0 0.214709
47.8376 0.212258 0 0.212258
48.1725 0.209827 0 0.209827
48.5097 0.207417 0 0.207417
48.8492 0.205026 0 0.205026
49.1912 0.202652 0 0.202652
49.5355 0.200301 0 0.200301
49.8823 0.197971 0 0.197971
50.2314 0.195661 0 0.195661
50.5831 0.193371 0 0.193371
50.9371 0.191101 0 0.191101
51.2937 0.188852 0 0.188852
51.6528 0.186623 0 0.186623
52.0143 0.184414 0 0.184414
52.3784 0.182225 0 0.182225
52.7451 0.180056 0 0.180056
53.1143 0.177908 0 0.177908
53.4861 0.17578 0 0.17578
53.8605 0.173672 0 0.173672
54.2375 0.171584 0 0.171584
54.6172 0.169516 0 0.169516
54.9995 0.167468 0 0.167468
55.3845 0.165437 0 0.165437
55.7722 0.163429 0 0.163429
56.1626 0.161441 0 0.161441
56.5557 0.159473 0 0.159473
56.9516 0.157524 0 0.157524
57.3503 0.155595 0 0.155595
57.7517 0.153685 0 0.153685
58.156 0.151795 0 0.151795
58.5631 0.149925 0 0.149925
58.973 0.148073 0 0.148073
59.3858 0.146241 0 0.146241
59.8015 0.144427 0 0.144427
60.2202 0.142633 0 0.142633
60.6417 0.140858 0 0.140858
61.0662 0.139101 0 0.139101
61.4937 0.137363 0 0.137363
61.9241 0.135641 0 0.135641
62.3576 0.133941 0 0.133941
62.7941 0.132258 0 0.132258
63.2336 0.130594 0 0.130594
63.6763 0.128948 0 0.128948
64.122 0.12732 0 0.12732
64.5709 0.12571 0 0.12571
65.0229 0.124117 0 0.124117
65.478 0.122543 0 0.122543
65.9364 0.120985 0 0.120985
66.3979 0.119445 0 0.119445
66.8627 0.117923 0 0.117923
67.3307 0.116417 0 0.116417
67.8021 0.114929 0 0.114929
68.2767 0.113457 0 0.113457
68.7546 0.112002 0 0.112002
69.2359 0.110564 0 0.110564
69.7205 0.10914 0 0.10914
70.2086 0.107735 0 0.107735
70.7001 0.106346 0 0.106346
71.195 0.104973 0 0.104973
71.6933 0.103616 0 0.103616
72.1952 0.102275 0 0.102275
72.7005 0.100949 0 0.100949
73.2094 0.099639 0 0.099639
73.7219 0.0983443 0 0.0983443
74.238 0.0970649 0 0.0970649
74.7576 0.0958006 0 0.0958006
75.2809 0.0945514 0 0.0945514
75.8079 0.0933169 0 0.0933169
76.3385 0.0920972 0 0.0920972
76.8729 0.0908921 0 0.0908921
77.411 0.0897015 0 0.0897015
77.9529 0.0885235 0 0.0885235
78.4986 0.0873614 0 0.0873614
79.0481 0.0862133 0 0.0862133
79.6014 0.0850792 0 0.0850792
80.1586 0.0839588 0 0.0839588
80.7197 0.0828521 0 0.0828521
81.2848 0.0817588 0 0.0817588
81.8538 0.0806789 0 0.0806789
82.4267 0.0796123 0 0.0796123
83.0037 0.0785587 0 0.0785587
83.5847 0.0775181 0 0.0775181
84.1698 0.0764904 0 0.0764904
84.759 0.0754753 0 0.0754753
85.3523 0.0744728 0 0.0744728
85.9498 0.0734828 0 0.0734828
86.5515 0.0725051 0 0.0725051
87.1573 0.0715395 0 0.0715395
87.7674 0.0705847 0 0.0705847
88.3818 0.0696432 0 0.0696432
89.0005 0.0687135 0 0.0687135
89.6235 0.0677955 0 0.0677955
90.2508 0.066889 0 0.066889
90.8826 0.0659939 0 0.0659939
91.5188 0.0651101 0 0.0651101
92.1594 0.0642375 0 0.0642375
92.8045 0.063376 0 0.063376
93.4541 0.0625253 0 0.0625253
94.1083 0.0616855 0 0.0616855
94.7671 0.0608564 0 0.0608564
95.4304 0.0600378 0 0.0600378
96.0985 0.0592297 0 0.0592297
96.7711 0.0584319 0 0.0584319
97.4485 0.0576443 0 0.0576443
98.1307 0.0568658 0 0.0568658
98.8176 0.0560983 0 0.0560983
99.5093 0.0553408 0 0.0553408
100.206 0.0545929 0 0.0545929
100.907 0.0538548 0 0.0538548
101.614 0.0531261 0 0.0531261
102.325 0.0524069 0 0.0524069
103.041 0.051697 0 0.051697
103.763 0.0509963 0 0.0509963
104.489 0.0503047 0 0.0503047
105.22 0.0496221 0 0.0496221
105.957 0.0489483 0 0.0489483
106.699 0.0482834 0 0.0482834
107.445 0.0476271 0 0.0476271
108.198 0.0469794 0 0.0469794
108.955 0.0463401 0 0.0463401
109.718 0.0457092 0 0.0457092
110.486 0.0450858 0 0.0450858
111.259 0.0444714 0 0.0444714
112.038 0.043865 0 0.043865
112.822 0.0432667 0 0.0432667
113.612 0.0426762 0 0.0426762
114.407 0.0420935 0 0.0420935
115.208 0.0415185 0 0.0415185
116.014 0.040951 0 0.040951
116.827 0.0403911 0 0.0403911
117.644 0.0398386 0 0.0398386
118.468 0.0392934 0 0.0392934
119.297 0.0387554 0 0.0387554
120.132 0.0382245 0 0.0382245
120.973 0.0377007 0 0.0377007
121.82 0.0371839 0 0.0371839
122.673 0.0366739 0 0.0366739
123.531 0.03617 0 0.03617
124.396 0.0356736 0 0.0356736
125.267 0.0351838 0 0.0351838
126.144 0.0347005 0 0.0347005
127.027 0.0342236 0 0.0342236
127.916 0.0337532 0 0.0337532
128.811 0.033289 0 0.033289
129.713 0.0328311 0 0.0328311
130.621 0.0323793 0 0.0323793
131.535 0.0319335 0 0.0319335
132.456 0.0314937 0 0.0314937
133.383 0.0310599 0 0.0310599
134.317 0.0306318 0 0.0306318
135.257 0.0302095 0 0.0302095
136.204 0.0297929 0 0.0297929
137.157 0.0293819 0 0.0293819
138.118 0.0289765 0 0.0289765
139.084 0.028576 0 0.028576
140.058 0.0281814 0 0.0281814
141.038 0.0277922 0 0.0277922
142.026 0.0274082 0 0.0274082
143.02 0.0270294 0 0.0270294
144.021 0.0266558 0 0.0266558
145.029 0.0262872 0 0.0262872
146.044 0.0259236 0 0.0259236
147.067 0.0255649 0 0.0255649
148.096 0.0252111 0 0.0252111
149.133 0.0248621 0 0.0248621
150.177 0.0245178 0 0.0245178
151.228 0.0241782 0 0.0241782
152.287 0.0238432 0 0.0238432
153.353 0.0235128 0 0.0235128
154.426 0.0231869 0 0.0231869
155.507 0.0228649 0 0.0228649
156.596 0.0225478 0 0.0225478
157.692 0.0222351 0 0.0222351
158.796 0.0219266 0 0.0219266
159.907 0.0216223 0 0.0216223
161.026 0.0213221 0 0.0213221
162.154 0.0210261 0 0.0210261
163.289 0.0207341 0 0.0207341
164.432 0.020446 0 0.020446
165.583 0.020162 0 0.020162
166.742 0.0198818 0 0.0198818
167.909 0.0196054 0 0.0196054
169.084 0.0193328 0 0.0193328
170.268 0.019064 0 0.019064
171.46 0.0187988 0 0.0187988
172.66 0.0185373 0 0.0185373
173.869 0.0182794 0 0.0182794
175.086 0.0180247 0 0.0180247
176.311 0.0177738 0 0.0177738
177.546 0.0175263 0 0.0175263
178.788 0.0172823 0 0.0172823
180.04 0.0170416 0 0.0170416
181.3 0.0168042 0 0.0168042
182.569 0.0165701 0 0.0165701
183.847 0.0163392 0 0.0163392
185.134 0.0161115 0 0.0161115
186.43 0.0158869 0 0.0158869
187.735 0.0156654 0 0.0156654
189.049 0.015447 0 0.015447
190.373 0.0152315 0 0.0152315
191.705 0.0150191 0 0.0150191
193.047 0.0148095 0 0.0148095
194.399 0.0146029 0 0.0146029
195.759 0.0143988 0 0.0143988
197.13 0.0141979 0 0.0141979
198.51 0.0139997 0 0.0139997
199.899 0.0138043 0 0.0138043
201.298 0.0136115 0 0.0136115
202.707 0.0134214 0 0.0134214
204.126 0.013234 0 0.013234
205.555 0.0130491 0 0.0130491
206.994 0.0128668 0 0.0128668
208.443 0.012687 0 0.012687
209.902 0.0125097 0 0.0125097
211.372 0.0123349 0 0.0123349
212.851 0.0121624 0 0.0121624
214.341 0.0119924 0 0.0119924
215.842 0.0118247 0 0.0118247
217.352 0.0116594 0 0.0116594
218.874 0.0114963 0 0.0114963
220.406 0.0113353 0 0.0113353
221.949 0.0111767 0 0.0111767
223.502 0.0110204 0 0.0110204
225.067 0.0108662 0 0.0108662
226.642 0.0107141 0 0.0107141
228.229 0.0105642 0 0.0105642
229.827 0.0104163 0 0.0104163
231.435 0.0102705 0 0.0102705
233.055 0.0101267 0 0.0101267
234.687 0.00998497 0 0.00998497
236.33 0.00984515 0 0.00984515
237.984 0.00970728 0 0.00970728
239.65 0.00957133 0 0.00957133
241.327 0.00943727 0 0.00943727
243.017 0.00930507 0 0.00930507
244.718 0.00917471 0 0.00917471
246.431 0.009046 0 0.009046
248.156 0.00891925 0 0.00891925
249.893 0.00879427 0 0.00879427
251.642 0.00867103 0 0.00867103
253.404 0.0085495 0 0.0085495
255.177 0.00842967 0 0.00842967
256.964 0.0083115 0 0.0083115
258.762 0.00819498 0 0.00819498
260.574 0.00808009 0 0.00808009
262.398 0.00796679 0 0.00796679
264.235 0.00785508 0 0.00785508
266.084 0.00774492 0 0.00774492
267.947 0.0076363 0 0.0076363
269.822 0.00752919 0 0.00752919
271.711 0.00742358 0 0.00742358
273.613 0.00731944 0 0.00731944
275.528 0.00721675 0 0.00721675
277.457 0.00711537 0 0.00711537
279.399 0.00701553 0 0.00701553
281.355 0.0069171 0 0.0069171
283.325 0.00682003 0 0.00682003
285.308 0.00672432 0 0.00672432
287.305 0.00662995 0 0.00662995
289.316 0.00653689 0 0.00653689
291.341 0.00644513 0 0.00644513
293.381 0.00635466 0 0.00635466
295.434 0.00626545 0 0.00626545
297.503 0.00617749 0 0.00617749
299.585 0.00609075 0 0.00609075
301.682 0.00600523 0 0.00600523
303.794 0.0059209 0 0.0059209
305.92 0.00583776 0 0.00583776
308.062 0.00575577 0 0.00575577
310.218 0.00567483 0 0.00567483
312.39 0.00559513 0 0.00559513
314.577 0.00551654 0 0.00551654
316.779 0.00543905 0 0.00543905
318.996 0.00536265 0 0.00536265
321.229 0.00528732 0 0.00528732
323.478 0.00521304 0 0.00521304
325.742 0.0051398 0 0.0051398
328.022 0.00506758 0 0.00506758
330.318 0.00499638 0 0.00499638
332.631 0.00492617 0 0.00492617
334.959 0.00485694 0 0.00485694
337.304 0.00478869 0 0.00478869
339.665 0.00472139 0 0.00472139
342.042 0.00465503 0 0.00465503
344.437 0.0045896 0 0.0045896
346.848 0.00452509 0 0.00452509
349.276 0.0044614 0 0.0044614
351.721 0.00439869 0 0.00439869
354.183 0.00433686 0 0.00433686
356.662 0.00427589 0 0.00427589
359.159 0.00421578 0 0.00421578
361.673 0.00415651 0 0.00415651
364.204 0.00409807 0 0.00409807
366.754 0.00404045 0 0.00404045
369.321 0.00398364 0 0.00398364
371.906 0.00392763 0 0.00392763
374.51 0.0038724 0 0.0038724
377.131 0.00381794 0 0.00381794
379.771 0.00376425 0 0.00376425
382.43 0.00371131 0 0.00371131
385.107 0.00365911 0 0.00365911
387.802 0.00360765 0 0.00360765
390.517 0.00355684 0 0.00355684
393.251 0.00350682 0 0.00350682
396.003 0.00345749 0 0.00345749
398.775 0.00340886 0 0.00340886
401.567 0.00336091 0 0.00336091
404.378 0.00331363 0 0.00331363
407.208 0.00326702 0 0.00326702
410.059 0.00322106 0 0.00322106
412.929 0.00317574 0 0.00317574
415.82 0.00313106 0 0.00313106
418.731 0.00308701 0 0.00308701
421.662 0.00304358 0 0.00304358
424.613 0.00300075 0 0.00300075
427.586 0.00295853 0 0.00295853
430.579 0.0029169 0 0.0029169
433.593 0.00287586 0 0.00287586
436.628 0.00283539 0 0.00283539
439.684 0.00279544 0 0.00279544
442.762 0.0027561 0 0.0027561
445.861 0.00271732 0 0.00271732
448.983 0.00267908 0 0.00267908
452.125 0.00264137 0 0.00264137
455.29 0.0026042 0 0.0026042
458.477 0.00256755 0 0.00256755
461.687 0.00253141 0 0.00253141
464.918 0.00249579 0 0.00249579
468.173 0.00246066 0 0.00246066
471.45 0.00242602 0 0.00242602
474.75 0.00239188 0 0.00239188
478.073 0.00235821 0 0.00235821
481.42 0.00232501 0 0.00232501
484.79 0.00229229 0 0.00229229
488.183 0.00226002 0 0.00226002
491.601 0.00222816 0 0.00222816
495.042 0.0021968 0 0.0021968
498.507 0.00216587 0 0.00216587
501.997 0.00213538 0 0.00213538
505.511 0.00210532 0 0.00210532
509.049 0.00207568 0 0.00207568
512.613 0.00204646 0 0.00204646
516.201 0.00201765 0 0.00201765
519.814 0.00198924 0 0.00198924
523.453 0.00196124 0 0.00196124
527.117 0.00193362 0 0.00193362
530.807 0.0019064 0 0.0019064
534.523 0.00187956 0 0.00187956
538.264 0.00185309 0 0.00185309
542.032 0.001827 0 0.001827
545.826 0.00180127 0 0.00180127
549.647 0.00177591 0 0.00177591
553.495 0.00175087 0 0.00175087
557.369 0.00172622 0 0.00172622
561.271 0.00170191 0 0.00170191
565.2 0.00167794 0 0.00167794
569.156 0.00165432 0 0.00165432
573.14 0.00163102 0 0.00163102
577.152 0.00160805 0 0.00160805
581.192 0.00158541 0 0.00158541
585.261 0.00156308 0 0.00156308
589.357 0.00154107 0 0.00154107
593.483 0.00151937 0 0.00151937
597.637 0.00149797 0 0.00149797
601.821 0.00147687 0 0.00147687
606.034 0.00145607 0 0.00145607
610.276 0.00143557 0 0.00143557
614.548 0.00141535 0 0.00141535
618.85 0.00139539 0 0.00139539
623.181 0.00137574 0 0.00137574
627.544 0.00135636 0 0.00135636
631.937 0.00133726 0 0.00133726
636.36 0.00131843 0 0.00131843
640.815 0.00129986 0 0.00129986
645.3 0.00128155 0 0.00128155
649.817 0.0012635 0 0.0012635
654.366 0.0012457 0 0.0012457
658.947 0.00122816 0 0.00122816
663.559 0.00121086 0 0.00121086
668.204 0.0011938 0 0.0011938
672.882 0.00117699 0 0.00117699
677.592 0.00116041 0 0.00116041
682.335 0.00114406 0 0.00114406
687.111 0.00112795 0 0.00112795
691.921 0.00111206 0 0.00111206
696.765 0.00109637 0 0.00109637
701.642 0.00108093 0 0.00108093
706.553 0.00106571 0 0.00106571
711.499 0.00105069 0 0.00105069
716.48 0.00103589 0 0.00103589
721.495 0.0010213 0 0.0010213
726.546 0.00100692 0 0.00100692
731.631 0.000992732 0 0.000992732
736.753 0.000978748 0 0.000978748
741.91 0.00096496 0 0.00096496
747.103 0.000951367 0 0.000951367
752.333 0.000937965 0 0.000937965
757.6 0.000924752 0 0.000924752
762.903 0.000911724 0 0.000911724
768.243 0.00089888 0 0.00089888
773.621 0.000886217 0 0.000886217
779.036 0.000873717 0 0.000873717
784.489 0.000861409 0 0.000861409
789.981 0.000849274 0 0.000849274
795.511 0.00083731 0 0.00083731
801.079 0.000825514 0 0.000825514
806.687 0.000813885 0 0.000813885
812.334 0.000802419 0 0.000802419
818.02 0.000791115 0 0.000791115
823.746 0.00077997 0 0.00077997
829.512 0.000768982 0 0.000768982
835.319 0.000758148 0 0.000758148
841.166 0.000747467 0 0.000747467
847.054 0.000736937 0 0.000736937
852.984 0.000726554 0 0.000726554
858.955 0.000716318 0 0.000716318
864.967 0.000706227 0 0.000706227
871.022 0.000696277 0 0.000696277
877.119 0.000686455 0 0.000686455
883.259 0.000676784 0 0.000676784
889.442 0.000667249 0 0.000667249
895.668 0.000657849 0 0.000657849
901.938 0.000648581 0 0.000648581
908.251 0.000639444 0 0.000639444
914.609 0.000630435 0 0.000630435
921.011 0.000621553 0 0.000621553
927.458 0.000612796 0 0.000612796
933.95 0.000604162 0 0.000604162
940.488 0.00059565 0 0.00059565
947.072 0.000587258 0 0.000587258
953.701 0.000578984 0 0.000578984
960.377 0.000570827 0 0.000570827
967.1 0.000562785 0 0.000562785
973.869 0.000554855 0 0.000554855
980.686 0.000547028 0 0.000547028
987.551 0.000539321 0 0.000539321
994.464 0.000531723 0 0.000531723
1001.43 0.000524231 0 0.000524231
1008.44 0.000516846 0 0.000516846
1015.49 0.000509564 0 0.000509564
1022.6 0.000502385 0 0.000502385
1029.76 0.000495306 0 0.000495306
1036.97 0.000488328 0 0.000488328
1044.23 0.000481448 0 0.000481448
1051.54 0.000474665 0 0.000474665
1058.9 0.000467977 0 0.000467977
1066.31 0.000461383 0 0.000461383
1073.77 0.000454883 0 0.000454883
1081.29 0.000448474 0 0.000448474
1088.86 0.000442155 0 0.000442155
1096.48 0.000435925 0 0.000435925
1104.16 0.000429775 0 0.000429775
1111.89 0.00042372 0 0.00042372
1119.67 0.000417751 0 0.000417751
1127.51 0.000411865 0 0.000411865
1135.4 0.000406062 0 0.000406062
1143.35 0.000400341 0 0.000400341
1151.35 0.0003947 0 0.0003947
1159.41 0.000389139 0 0.000389139
1167.53 0.000383657 0 0.000383657
1175.7 0.000378251 0 0.000378251
1183.93 0.000372922 0 0.000372922
1192.22 0.000367667 0 0.000367667
1200.56 0.000362487 0 0.000362487
1208.97 0.00035738 0 0.00035738
1217.43 0.000352344 0 0.000352344
1225.95 0.00034738 0 0.00034738
1234.53 0.000342479 0 0.000342479
1243.17 0.000337654 0 0.000337654
1251.88 0.000332897 0 0.000332897
1260.64 0.000328207 0 0.000328207
1269.46 0.000323583 0 0.000323583
1278.35 0.000319024 0 0.000319024
1287.3 0.000314529 0 0.000314529
1296.31 0.000310097 0 0.000310097
1305.38 0.000305728 0 0.000305728
1314.52 0.000301421 0 0.000301421
1323.72 0.000297174 0 0.000297174
1332.99 0.000292987 0 0.000292987
1342.32 0.000288859 0 0.000288859
1351.72 0.000284789 0 0.000284789
1361.18 0.000280776 0 0.000280776
1370.71 0.00027682 0 0.00027682
1380.3 0.00027292 0 0.00027292
1389.96 0.00026907 0 0.00026907
1399.69 0.000265279 0 0.000265279
1409.49 0.000261542 0 0.000261542
1419.36 0.000257857 0 0.000257857
1429.29 0.000254224 0 0.000254224
1439.3 0.000250642 0 0.000250642
1449.37 0.000247111 0 0.000247111
1459.52 0.000243629 0 0.000243629
1469.74 0.000240196 0 0.000240196
1480.02 0.000236812 0 0.000236812
1490.38 0.000233476 0 0.000233476
1500.82 0.000230186 0 0.000230186
1511.32 0.000226943 0 0.000226943
1521.9 0.000223746 0 0.000223746
1532.56 0.000220593 0 0.000220593
1543.28 0.000217485 0 0.000217485
1554.09 0.000214417 0 0.000214417
1564.97 0.000211396 0 0.000211396
1575.92 0.000208418 0 0.000208418
1586.95 0.000205481 0 0.000205481
1598.06 0.000202586 0 0.000202586
1609.25 0.000199732 0 0.000199732
1620.51 0.000196918 0 0.000196918
1631.85 0.000194144 0 0.000194144
1643.28 0.000191409 0 0.000191409
1654.78 0.000188712 0 0.000188712
1666.36 0.000186053 0 0.000186053
1678.03 0.000183432 0 0.000183432
1689.77 0.000180847 0 0.000180847
1701.6 0.000178299 0 0.000178299
1713.51 0.000175787 0 0.000175787
1725.51 0.000173311 0 0.000173311
1737.59 0.000170869 0 0.000170869
1749.75 0.000168459 0 0.000168459
1762 0.000166085 0 0.000166085
1774.33 0.000163745 0 0.000163745
1786.75 0.000161438 0 0.000161438
1799.26 0.000159164 0 0.000159164
1811.86 0.000156922 0 0.000156922
1824.54 0.000154711 0 0.000154711
1837.31 0.000152531 0 0.000152531
1850.17 0.000150382 0 0.000150382
1863.12 0.000148264 0 0.000148264
1876.16 0.000146175 0 0.000146175
1889.3 0.000144115 0 0.000144115
1902.52 0.000142085 0 0.000142085
1915.84 0.000140083 0 0.000140083
1929.25 0.000138109 0 0.000138109
1942.76 0.000136164 0 0.000136164
1956.36 0.000134243 0 0.000134243
1970.05 0.000132352 0 0.000132352
1983.84 0.000130487 0 0.000130487
1997.73 0.000128649 0 0.000128649
2011.71 0.000126836 0 0.000126836
2025.79 0.00012505 0 0.00012505
2039.97 0.000123288 0 0.000123288
2054.25 0.000121551 0 0.000121551
2068.63 0.000119838 0 0.000119838
2083.11 0.00011815 0 0.00011815
2097.7 0.000116486 0 0.000116486
2112.38 0.000114845 0 0.000114845
2127.17 0.000113227 0 0.000113227
2142.06 0.000111631 0 0.000111631
2157.05 0.000110059 0 0.000110059
2172.15 0.000108508 0 0.000108508
2187.35 0.000106979 0 0.000106979
2202.67 0.000105471 0 0.000105471
2218.08 0.000103985 0 0.000103985
2233.61 0.00010252 0 0.00010252
2249.25 0.000101076 0 0.000101076
2264.99 9.96516e-05 0 9.96516e-05
2280.85 9.82477e-05 0 9.82477e-05
2296.81 9.68636e-05 0 9.68636e-05
2312.89 9.5499e-05 0 9.5499e-05
2329.08 9.41537e-05 0 9.41537e-05
2345.38 9.28273e-05 0 9.28273e-05
2361.8 9.15195e-05 0 9.15195e-05
2378.33 9.02302e-05 0 9.02302e-05
2394.98 8.89591e-05 0 8.89591e-05
2411.75 8.77058e-05 0 8.77058e-05
2428.63 8.64702e-05 0 8.64702e-05
2445.63 8.5252e-05 0 8.5252e-05
2462.75 8.40496e-05 0 8.40496e-05
2479.99 8.28655e-05 0 8.28655e-05
2497.35 8.16982e-05 0 8.16982e-05
2514.83 8.05473e-05 0 8.05473e-05
2532.43 7.94126e-05 0 7.94126e-05
2550.16 7.82939e-05 0 7.82939e-05
2568.01 7.7191e-05 0 7.7191e-05
2585.99 7.61036e-05 0 7.61036e-05
2604.09 7.50315e-05 0 7.50315e-05
2622.32 7.39745e-05 0 7.39745e-05
2640.67 7.29324e-05 0 7.29324e-05
2659.16 7.19049e-05 0 7.19049e-05
2677.77 7.0892e-05 0 7.0892e-05
2696.52 6.98933e-05 0 6.98933e-05
2715.39 6.89087e-05 0 6.89087e-05
2734.4 6.79379e-05 0 6.79379e-05
2753.54 6.69809e-05 0 6.69809e-05
2772.82 6.60362e-05 0 6.60362e-05
2792.23 6.51059e-05 0 6.51059e-05
2811.77 6.41888e-05 0 6.41888e-05
2831.45 6.32846e-05 0 6.32846e-05
2851.28 6.23931e-05 0 6.23931e-05
2871.23 6.15142e-05 0 6.15142e-05
2891.33 6.06477e-05 0 6.06477e-05
2911.57 5.97933e-05 0 5.97933e-05
2931.95 5.8951e-05 0 5.8951e-05
2952.48 5.81206e-05 0 5.81206e-05
2973.14 5.73019e-05 0 5.73019e-05
2993.96 5.64946e-05 0 5.64946e-05
3014.91 5.56988e-05 0 5.56988e-05
3036.02 5.49142e-05 0 5.49142e-05
3057.27 5.41406e-05 0 5.41406e-05
3078.67 5.33779e-05 0 5.33779e-05
3100.22 5.26251e-05 0 5.26251e-05
3121.92 5.18838e-05 0 5.18838e-05
3143.78 5.1153e-05 0 5.1153e-05
3165.78 5.04324e-05 0 5.04324e-05
3187.94 4.9722e-05 0 4.9722e-05
3210.26 4.90216e-05 0 4.90216e-05
3232.73 4.83311e-05 0 4.83311e-05
3255.36 4.76503e-05 0 4.76503e-05
3278.15 4.6979e-05 0 4.6979e-05
3301.09 4.63173e-05 0 4.63173e-05
3324.2 4.56648e-05 0 4.56648e-05
3347.47 4.50216e-05 0 4.50216e-05
3370.9 4.43874e-05 0 4.43874e-05
3394.5 4.37621e-05 0 4.37621e-05
3418.26 4.31457e-05 0 4.31457e-05
3442.19 4.25379e-05 0 4.25379e-05
3466.29 4.19387e-05 0 4.19387e-05
3490.55 4.13472e-05 0 4.13472e-05
3514.98 4.07648e-05 0 4.07648e-05
3539.59 4.01906e-05 0 4.01906e-05
3564.37 3.96245e-05 0 3.96245e-05
3589.32 3.90664e-05 0 3.90664e-05
3614.44 3.85161e-05 0 3.85161e-05
3639.74 3.79735e-05 0 3.79735e-05
3665.22 3.74386e-05 0 3.74386e-05
3690.88 3.69113e-05 0 3.69113e-05
3716.71 3.63914e-05 0 3.63914e-05
3742.73 3.58788e-05 0 3.58788e-05
3768.93 3.53734e-05 0 3.53734e-05
3795.31 3.48751e-05 0 3.48751e-05
3821.88 3.43838e-05 0 3.43838e-05
3848.63 3.38995e-05 0 3.38995e-05
3875.57 3.3422e-05 0 3.3422e-05
3902.7 3.29507e-05 0 3.29507e-05
3930.02 3.24865e-05 0 3.24865e-05
3957.53 3.2029e-05 0 3.2029e-05
3985.23 3.15778e-05 0 3.15778e-05
4013.13 3.1133e-05 0 3.1133e-05
4041.22 3.06945e-05 0 3.06945e-05
4069.51 3.02622e-05 0 3.02622e-05
4098 2.98359e-05 0 2.98359e-05
4126.68 2.94157e-05 0 2.94157e-05
4155.57 2.90013e-05 0 2.90013e-05
4184.66 2.85928e-05 0 2.85928e-05
4213.95 2.81901e-05 0 2.81901e-05
4243.45 2.7793e-05 0 2.7793e-05
4273.15 2.74015e-05 0 2.74015e-05
4303.06 2.70156e-05 0 2.70156e-05
4333.19 2.6635e-05 0 2.6635e-05
4363.52 2.62599e-05 0 2.62599e-05
4394.06 2.58895e-05 0 2.58895e-05
4424.82 2.55249e-05 0 2.55249e-05
4455.8 2.51654e-05 0 2.51654e-05
4486.99 2.48109e-05 0 2.48109e-05
4518.39 2.44615e-05 0 2.44615e-05
4550.02 2.41169e-05 0 2.41169e-05
4581.87 2.37772e-05 0 2.37772e-05
4613.95 2.34423e-05 0 2.34423e-05
4646.24 2.31121e-05 0 2.31121e-05
4678.77 2.27866e-05 0 2.27866e-05
4711.52 2.24657e-05 0 2.24657e-05
4744.5 2.21492e-05 0 2.21492e-05
4777.71 2.18372e-05 0 2.18372e-05
4811.16 2.15297e-05 0 2.15297e-05
4844.83 2.12264e-05 0 2.12264e-05
4878.75 2.09274e-05 0 2.09274e-05
4912.9 2.06323e-05 0 2.06323e-05
4947.29 2.03417e-05 0 2.03417e-05
4981.92 2.00552e-05 0 2.00552e-05
5016.79 1.97728e-05 0 1.97728e-05
5051.91 1.94943e-05 0 1.94943e-05
5087.27 1.92197e-05 0 1.92197e-05
5122.89 1.8949e-05 0 1.8949e-05
5158.75 1.86821e-05 0 1.86821e-05
5194.86 1.8419e-05 0 1.8419e-05
5231.22 1.81595e-05 0 1.81595e-05
5267.84 1.79038e-05 0 1.79038e-05
5304.71 1.76516e-05 0 1.76516e-05
5341.85 1.7403e-05 0 1.7403e-05
5379.24 1.71579e-05 0 1.71579e-05
5416.89 1.69162e-05 0 1.69162e-05
5454.81 1.66779e-05 0 1.66779e-05
5493 1.6443e-05 0 1.6443e-05
5531.45 1.62112e-05 0 1.62112e-05
5570.17 1.59828e-05 0 1.59828e-05
5609.16 1.57577e-05 0 1.57577e-05
5648.42 1.55358e-05 0 1.55358e-05
5687.96 1.5317e-05 0 1.5317e-05
5727.78 1.51013e-05 0 1.51013e-05
5767.87 1.48886e-05 0 1.48886e-05
5808.25 1.46789e-05 0 1.46789e-05
5848.91 1.44721e-05 0 1.44721e-05
5889.85 1.42683e-05 0 1.42683e-05
5931.08 1.40673e-05 0 1.40673e-05
5972.59 1.38692e-05 0 1.38692e-05
6014.4 1.36739e-05 0 1.36739e-05
6056.5 1.34813e-05 0 1.34813e-05
6098.9 1.32914e-05 0 1.32914e-05
6141.59 1.31042e-05 0 1.31042e-05
6184.58 1.29194e-05 0 1.29194e-05
6227.87 1.27375e-05 0 1.27375e-05
6271.47 1.25581e-05 0 1.25581e-05
6315.37 1.23812e-05 0 1.23812e-05
6359.58 1.22068e-05 0 1.22068e-05
6404.09 1.20349e-05 0 1.20349e-05
6448.92 1.18654e-05 0 1.18654e-05
6494.07 1.16983e-05 0 1.16983e-05
6539.52 1.15335e-05 0 1.15335e-05
6585.3 1.13711e-05 0 1.13711e-05
6631.4 1.1211e-05 0 1.1211e-05
6677.82 1.10531e-05 0 1.10531e-05
6724.56 1.08974e-05 0 1.08974e-05
6771.63 1.07439e-05 0 1.07439e-05
6819.04 1.05926e-05 0 1.05926e-05
6866.77 1.04434e-05 0 1.04434e-05
6914.84 1.02963e-05 0 1.02963e-05
6963.24 1.01511e-05 0 1.01511e-05
7011.98 1.00082e-05 0 1.00082e-05
7061.07 9.86721e-06 0 9.86721e-06
7110.49 9.72825e-06 0 9.72825e-06
7160.27 9.59124e-06 0 9.59124e-06
7210.39 9.45616e-06 0 9.45616e-06
7260.86 9.32298e-06 0 9.32298e-06
7311.69 9.19168e-06 0 9.19168e-06
7362.87 9.06222e-06 0 9.06222e-06
7414.41 8.93459e-06 0 8.93459e-06
7466.31 8.80876e-06 0 8.80876e-06
7518.57 8.6847e-06 0 8.6847e-06
7571.2 8.56238e-06 0 8.56238e-06
7624.2 8.44179e-06 0 8.44179e-06
7677.57 8.3229e-06 0 8.3229e-06
7731.32 8.20568e-06 0 8.20568e-06
7785.43 8.08997e-06 0 8.08997e-06
7839.93 7.97604e-06 0 7.97604e-06
7894.81 7.86371e-06 0 7.86371e-06
7950.08 7.75296e-06 0 7.75296e-06
8005.73 7.64378e-06 0 7.64378e-06
8061.77 7.53613e-06 0 7.53613e-06
8118.2 7.42999e-06 0 7.42999e-06
8175.03 7.32535e-06 0 7.32535e-06
8232.25 7.22218e-06 0 7.22218e-06
8289.88 7.12047e-06 0 7.12047e-06
8347.91 7.02019e-06 0 7.02019e-06
8406.34 6.92132e-06 0 6.92132e-06
8465.19 6.82384e-06 0 6.82384e-06
8524.44 6.72773e-06 0 6.72773e-06
8584.11 6.63298e-06 0 6.63298e-06
8644.2 6.53956e-06 0 6.53956e-06
8704.71 6.44746e-06 0 6.44746e-06
8765.64 6.35655e-06 0 6.35655e-06
8827 6.26703e-06 0 6.26703e-06
8888.79 6.17877e-06 0 6.17877e-06
8951.02 6.09176e-06 0 6.09176e-06
9013.67 6.00597e-06 0 6.00597e-06
9076.77 5.92138e-06 0 5.92138e-06
9140.31 5.83799e-06 0 5.83799e-06
9204.29 5.75577e-06 0 5.75577e-06
9268.72 5.67471e-06 0 5.67471e-06
9333.6 5.59479e-06 0 5.59479e-06
9398.93 5.516e-06 0 5.516e-06
9464.73 5.43831e-06 0 5.43831e-06
9530.98 5.36172e-06 0 5.36172e-06
9597.7 5.28621e-06 0 5.28621e-06
9664.88 5.21176e-06 0 5.21176e-06
9732.53 5.13836e-06 0 5.13836e-06
9800.66 5.06591e-06 0 5.06591e-06
9869.27 4.99456e-06 0 4.99456e-06
9938.35 4.92422e-06 0 4.92422e-06
10007.9 4.85488e-06 0 4.85488e-06
10078 4.7865e-06 0 4.7865e-06
10148.5 4.7191e-06 0 4.7191e-06
10219.6 4.65263e-06 0 4.65263e-06
10291.1 4.58711e-06 0 4.58711e-06
10363.1 4.52251e-06 0 4.52251e-06
10435.7 4.45882e-06 0 4.45882e-06
10508.7 4.39602e-06 0 4.39602e-06
10582.3 4.33411e-06 0 4.33411e-06
10656.4 4.27307e-06 0 4.27307e-06
10731 4.21289e-06 0 4.21289e-06
10806.1 4.15356e-06 0 4.15356e-06
10881.7 4.09506e-06 0 4.09506e-06
10957.9 4.03739e-06 0 4.03739e-06
11034.6 3.98046e-06 0 3.98046e-06
11111.8 3.92441e-06 0 3.92441e-06
11189.6 3.86914e-06 0 3.86914e-06
11267.9 3.81465e-06 0 3.81465e-06
11346.8 3.76093e-06 0 3.76093e-06
11426.3 3.70796e-06 0 3.70796e-06
11506.2 3.65574e-06 0 3.65574e-06
11586.8 3.60426e-06 0 3.60426e-06
11667.9 3.5535e-06 0 3.5535e-06
11749.6 3.50345e-06 0 3.50345e-06
11831.8 3.45411e-06 0 3.45411e-06
11914.6 3.40547e-06 0 3.40547e-06
11998 3.3575e-06 0 3.3575e-06
12082 3.31022e-06 0 3.31022e-06
12166.6 3.2636e-06 0 3.2636e-06
12251.8 3.21764e-06 0 3.21764e-06
12337.5 3.17227e-06 0 3.17227e-06
12423.9 3.12759e-06 0 3.12759e-06
12510.9 3.08355e-06 0 3.08355e-06
12598.4 3.04012e-06 0 3.04012e-06
12686.6 2.99731e-06 0 2.99731e-06
12775.4 2.95509e-06 0 2.95509e-06
12864.9 2.91348e-06 0 2.91348e-06
12954.9 2.87245e-06 0 2.87245e-06
13045.6 2.83199e-06 0 2.83199e-06
13136.9 2.79211e-06 0 2.79211e-06
13228.9 2.75279e-06 0 2.75279e-06
13321.5 2.71402e-06 0 2.71402e-06
13414.7 2.67579e-06 0 2.67579e-06
13508.6 2.63811e-06 0 2.63811e-06
13603.2 2.60096e-06 0 2.60096e-06
13698.4 2.56432e-06 0 2.56432e-06
13794.3 2.52821e-06 0 2.52821e-06
13890.9 2.49256e-06 0 2.49256e-06
13988.1 2.45746e-06 0 2.45746e-06
14086 2.42285e-06 0 2.42285e-06
14184.6 2.38873e-06 0 2.38873e-06
14283.9 2.35509e-06 0 2.35509e-06
14383.9 2.32192e-06 0 2.32192e-06
14484.6 2.28922e-06 0 2.28922e-06
14586 2.25698e-06 0 2.25698e-06
14688.1 2.22519e-06 0 2.22519e-06
14790.9 2.19386e-06 0 2.19386e-06
14894.4 2.16296e-06 0 2.16296e-06
14998.7 2.1325e-06 0 2.1325e-06
15103.7 2.10246e-06 0 2.10246e-06
15209.4 2.07285e-06 0 2.07285e-06
15315.9 2.04366e-06 0 2.04366e-06
15423.1 2.01488e-06 0 2.01488e-06
15531 1.98647e-06 0 1.98647e-06
15639.8 1.95849e-06 0 1.95849e-06
15749.2 1.93091e-06 0 1.93091e-06
15859.5 1.90372e-06 0 1.90372e-06
15970.5 1.8769e-06 0 1.8769e-06
16082.3 1.85047e-06 0 1.85047e-06
16194.9 1.82441e-06 0 1.82441e-06
16308.2 1.79872e-06 0 1.79872e-06
16422.4 1.77338e-06 0 1.77338e-06
16537.3 1.74841e-06 0 1.74841e-06
16653.1 1.72378e-06 0 1.72378e-06
16769.7 1.69951e-06 0 1.69951e-06
16887.1 1.67557e-06 0 1.67557e-06
17005.3 1.65197e-06 0 1.65197e-06
17124.3 1.62871e-06 0 1.62871e-06
17244.2 1.60577e-06 0 1.60577e-06
17364.9 1.58315e-06 0 1.58315e-06
17486.4 1.56083e-06 0 1.56083e-06
17608.8 1.53885e-06 0 1.53885e-06
17732.1 1.51717e-06 0 1.51717e-06
17856.2 1.49581e-06 0 1.49581e-06
17981.2 1.47474e-06 0 1.47474e-06
18107.1 1.45397e-06 0 1.45397e-06
18233.8 1.43349e-06 0 1.43349e-06
18361.5 1.4133e-06 0 1.4133e-06
18490 1.3934e-06 0 1.3934e-06
18619.4 1.37377e-06 0 1.37377e-06
18749.8 1.35443e-06 0 1.35443e-06
18881 1.33535e-06 0 1.33535e-06
19013.2 1.31654e-06 0 1.31654e-06
19146.3 1.298e-06 0 1.298e-06
19280.3 1.27972e-06 0 1.27972e-06
19415.3 1.2617e-06 0 1.2617e-06
19551.2 1.2439e-06 0 1.2439e-06
19688 1.22639e-06 0 1.22639e-06
19825.9 1.20911e-06 0 1.20911e-06
19964.6 1.19208e-06 0 1.19208e-06
20104.4 1.1753e-06 0 1.1753e-06
20245.1 1.15874e-06 0 1.15874e-06
20386.8 1.14242e-06 0 1.14242e-06
20529.5 1.12633e-06 0 1.12633e-06
20673.2 1.11047e-06 0 1.11047e-06
20818 1.09483e-06 0 1.09483e-06
20963.7 1.07941e-06 0 1.07941e-06
21110.4 1.06421e-06 0 1.06421e-06
21258.2 1.04922e-06 0 1.04922e-06
21407 1.03444e-06 0 1.03444e-06
21556.9 1.01987e-06 0 1.01987e-06
21707.8 1.0055e-06 0 1.0055e-06
21859.7 9.91342e-07 0 9.91342e-07
22012.7 9.77364e-07 0 9.77364e-07
22166.8 9.63598e-07 0 9.63598e-07
22322 9.50027e-07 0 9.50027e-07
22478.2 9.36646e-07 0 9.36646e-07
22635.6 9.23454e-07 0 9.23454e-07
22794 9.10448e-07 0 9.10448e-07
22953.6 8.97624e-07 0 8.97624e-07
23114.3 8.84982e-07 0 8.84982e-07
23276.1 8.72517e-07 0 8.72517e-07
23439 8.60228e-07 0 8.60228e-07
23603.1 8.48111e-07 0 8.48111e-07
23768.3 8.36166e-07 0 8.36166e-07
23934.7 8.24388e-07 0 8.24388e-07
24102.2 8.12777e-07 0 8.12777e-07
24270.9 8.01328e-07 0 8.01328e-07
24440.8 7.90042e-07 0 7.90042e-07
24611.9 7.78901e-07 0 7.78901e-07
24784.2 7.6793e-07 0 7.6793e-07
24957.7 7.57114e-07 0 7.57114e-07
25132.4 7.4645e-07 0 7.4645e-07
25308.3 7.35937e-07 0 7.35937e-07
25485.5 7.25571e-07 0 7.25571e-07
25663.9 7.15351e-07 0 7.15351e-07
25843.5 7.05275e-07 0 7.05275e-07
26024.4 6.95341e-07 0 6.95341e-07
26206.6 6.85547e-07 0 6.85547e-07
26390.1 6.75891e-07 0 6.75891e-07
26574.8 6.66371e-07 0 6.66371e-07
26760.8 6.56984e-07 0 6.56984e-07
26948.1 6.4773e-07 0 6.4773e-07
27136.8 6.38606e-07 0 6.38606e-07
27326.7 6.29611e-07 0 6.29611e-07
27518 6.20742e-07 0 6.20742e-07
27710.6 6.11989e-07 0 6.11989e-07
27904.6 6.03369e-07 0 6.03369e-07
28099.9 5.9487e-07 0 5.9487e-07
28296.6 5.86491e-07 0 5.86491e-07
28494.7 5.7823e-07 0 5.7823e-07
28694.2 5.70085e-07 0 5.70085e-07
28895 5.62055e-07 0 5.62055e-07
29097.3 5.54138e-07 0 5.54138e-07
29301 5.46332e-07 0 5.46332e-07
29506.1 5.38637e-07 0 5.38637e-07
29712.6 5.31049e-07 0 5.31049e-07
29920.6 5.23569e-07 0 5.23569e-07
30130.1 5.16194e-07 0 5.16194e-07
30341 5.08922e-07 0 5.08922e-07
30553.4 5.01753e-07 0 5.01753e-07
30767.2 4.94685e-07 0 4.94685e-07
30982.6 4.87709e-07 0 4.87709e-07
31199.5 4.80839e-07 0 4.80839e-07
31417.9 4.74066e-07 0 4.74066e-07
31637.8 4.67388e-07 0 4.67388e-07
31859.3 4.60804e-07 0 4.60804e-07
32082.3 4.54313e-07 0 4.54313e-07
32306.9 4.47913e-07 0 4.47913e-07
32533 4.41604e-07 0 4.41604e-07
32760.7 4.35383e-07 0 4.35383e-07
32990.1 4.2925e-07 0 4.2925e-07
33221 4.23203e-07 0 4.23203e-07
33453.6 4.17241e-07 0 4.17241e-07
33687.7 4.11363e-07 0 4.11363e-07
33923.5 4.05569e-07 0 4.05569e-07
34161 3.99855e-07 0 3.99855e-07
34400.1 3.94222e-07 0 3.94222e-07
34640.9 3.88669e-07 0 3.88669e-07
34883.4 3.83187e-07 0 3.83187e-07
35127.6 3.77789e-07 0 3.77789e-07
35373.5 3.72467e-07 0 3.72467e-07
35621.1 3.6722e-07 0 3.6722e-07
35870.5 3.62047e-07 0 3.62047e-07
36121.6 3.56947e-07 0 3.56947e-07
36374.4 3.51918e-07 0 3.51918e-07
36629 3.4696e-07 0 3.4696e-07
36885.4 3.42073e-07 0 3.42073e-07
37143.6 3.37253e-07 0 3.37253e-07
37403.6 3.32502e-07 0 3.32502e-07
37665.5 3.27818e-07 0 3.27818e-07
37929.1 3.232e-07 0 3.232e-07
38194.6 3.18646e-07 0 3.18646e-07
38462 3.14157e-07 0 3.14157e-07
38731.2 3.09731e-07 0 3.09731e-07
39002.3 3.05367e-07 0 3.05367e-07
39275.3 3.0106e-07 0 3.0106e-07
39550.3 2.96819e-07 0 2.96819e-07
39827.1 2.92637e-07 0 2.92637e-07
40105.9 2.88515e-07 0 2.88515e-07
40386.7 2.8445e-07 0 2.8445e-07
40669.4 2.80442e-07 0 2.80442e-07
40954.1 2.76491e-07 0 2.76491e-07
41240.7 2.72596e-07 0 2.72596e-07
41529.4 2.68755e-07 0 2.68755e-07
41820.1 2.64969e-07 0 2.64969e-07
42112.9 2.61236e-07 0 2.61236e-07
42407.7 2.57555e-07 0 2.57555e-07
42704.5 2.53926e-07 0 2.53926e-07
43003.4 2.50349e-07 0 2.50349e-07
43304.5 2.46821e-07 0 2.46821e-07
43607.6 2.43344e-07 0 2.43344e-07
43912.8 2.39911e-07 0 2.39911e-07
44220.2 2.36531e-07 0 2.36531e-07
44529.8 2.33198e-07 0 2.33198e-07
44841.5 2.29913e-07 0 2.29913e-07
45155.4 2.26673e-07 0 2.26673e-07
45471.5 2.2348e-07 0 2.2348e-07
45789.8 2.20331e-07 0 2.20331e-07
46110.3 2.17226e-07 0 2.17226e-07
46433.1 2.14166e-07 0 2.14166e-07
46758.1 2.11148e-07 0 2.11148e-07
47085.4 2.08173e-07 0 2.08173e-07
47415 2.0524e-07 0 2.0524e-07
47746.9 2.02348e-07 0 2.02348e-07
48081.1 1.99496e-07 0 1.99496e-07
48417.7 1.96685e-07 0 1.96685e-07
48756.6 1.93914e-07 0 1.93914e-07
49097.9 1.91181e-07 0 1.91181e-07
49441.6 1.88485e-07 0 1.88485e-07
49787.7 1.85829e-07 0 1.85829e-07
50136.2 1.8321e-07 0 1.8321e-07
50487.2 1.80629e-07 0 1.80629e-07
50840.6 1.78083e-07 0 1.78083e-07
51196.5 1.75574e-07 0 1.75574e-07
51554.8 1.731e-07 0 1.731e-07
51915.7 1.70661e-07 0 1.70661e-07
52279.1 1.68256e-07 0 1.68256e-07
52645.1 1.65885e-07 0 1.65885e-07
53013.6 1.63547e-07 0 1.63547e-07
53384.7 1.61242e-07 0 1.61242e-07
53758.4 1.5897e-07 0 1.5897e-07
54134.7 1.5673e-07 0 1.5673e-07
54513.6 1.54521e-07 0 1.54521e-07
54895.2 1.52344e-07 0 1.52344e-07
55279.5 1.50194e-07 0 1.50194e-07
55666.5 1.48078e-07 0 1.48078e-07
56056.1 1.45991e-07 0 1.45991e-07
56448.5 1.43934e-07 0 1.43934e-07
56843.7 1.41905e-07 0 1.41905e-07
57241.6 1.39905e-07 0 1.39905e-07
57642.3 1.37934e-07 0 1.37934e-07
58045.7 1.3599e-07 0 1.3599e-07
58452.1 1.34073e-07 0 1.34073e-07
58861.2 1.32184e-07 0 1.32184e-07
59273.3 1.30321e-07 0 1.30321e-07
59688.2 1.28484e-07 0 1.28484e-07
60106 1.26673e-07 0 1.26673e-07
60526.7 1.24888e-07 0 1.24888e-07
60950.4 1.23128e-07 0 1.23128e-07
61377.1 1.21392e-07 0 1.21392e-07
61806.7 1.19681e-07 0 1.19681e-07
62239.4 1.17993e-07 0 1.17993e-07
62675 1.1633e-07 0 1.1633e-07
63113.8 1.1469e-07 0 1.1469e-07
63555.6 1.13074e-07 0 1.13074e-07
64000.4 1.1148e-07 0 1.1148e-07
64448.4 1.09909e-07 0 1.09909e-07
64899.6 1.0836e-07 0 1.0836e-07
65353.9 1.06832e-07 0 1.06832e-07
65811.4 1.05326e-07 0 1.05326e-07
66272 1.03842e-07 0 1.03842e-07
66735.9 1.02378e-07 0 1.02378e-07
67203.1 1.00935e-07 0 1.00935e-07
67673.5 9.95123e-08 0 9.95123e-08
68147.2 9.81096e-08 0 9.81096e-08
68624.3 9.67266e-08 0 9.67266e-08
69104.6 9.53631e-08 0 9.53631e-08
69588.4 9.40173e-08 0 9.40173e-08
70075.5 9.26921e-08 0 9.26921e-08
70566 9.13855e-08 0 9.13855e-08
71060 9.00973e-08 0 9.00973e-08
71557.4 8.88272e-08 0 8.88272e-08
72058.3 8.75751e-08 0 8.75751e-08
72562.7 8.63405e-08 0 8.63405e-08
73070.6 8.51234e-08 0 8.51234e-08
73582.1 8.39234e-08 0 8.39234e-08
74097.2 8.27403e-08 0 8.27403e-08
74615.9 8.15738e-08 0 8.15738e-08
75138.2 8.04238e-08 0 8.04238e-08
75664.2 7.929e-08 0 7.929e-08
76193.8 7.81722e-08 0 7.81722e-08
76727.2 7.70701e-08 0 7.70701e-08
77264.3 7.59835e-08 0 7.59835e-08
77805.1 7.49123e-08 0 7.49123e-08
78349.8 7.38549e-08 0 7.38549e-08
78898.2 7.28137e-08 0 7.28137e-08
79450.5 7.17871e-08 0 7.17871e-08
80006.6 7.0775e-08 0 7.0775e-08
80566.7 6.97772e-08 0 6.97772e-08
81130.7 6.87934e-08 0 6.87934e-08
81698.6 6.78234e-08 0 6.78234e-08
82270.5 6.68671e-08 0 6.68671e-08
82846.4 6.59243e-08 0 6.59243e-08
83426.3 6.49948e-08 0 6.49948e-08
84010.3 6.40784e-08 0 6.40784e-08
84598.3 6.31748e-08 0 6.31748e-08
85190.5 6.2284e-08 0 6.2284e-08
85786.9 6.14058e-08 0 6.14058e-08
86387.4 6.05399e-08 0 6.05399e-08
86992.1 5.96862e-08 0 5.96862e-08
87601 5.88436e-08 0 5.88436e-08
88214.2 5.80138e-08 0 5.80138e-08
88831.7 5.71958e-08 0 5.71958e-08
89453.5 5.63892e-08 0 5.63892e-08
90079.7 5.55941e-08 0 5.55941e-08
90710.3 5.48101e-08 0 5.48101e-08
91345.3 5.40372e-08 0 5.40372e-08
91984.7 5.32751e-08 0 5.32751e-08
92628.6 5.25238e-08 0 5.25238e-08
93277 5.17831e-08 0 5.17831e-08
93929.9 5.10528e-08 0 5.10528e-08
94587.4 5.03328e-08 0 5.03328e-08
95249.5 4.96229e-08 0 4.96229e-08
95916.3 4.8923e-08 0 4.8923e-08
96587.7 4.8233e-08 0 4.8233e-08
97263.8 4.75528e-08 0 4.75528e-08
97944.6 4.68821e-08 0 4.68821e-08
98630.3 4.62201e-08 0 4.62201e-08
99320.7 4.55682e-08 0 4.55682e-08
100016 4.49255e-08 0 4.49255e-08
100716 4.42918e-08 0 4.42918e-08
101421 4.36671e-08 0 4.36671e-08
102131 4.30512e-08 0 4.30512e-08
102846 4.24439e-08 0 4.24439e-08
103566 4.18452e-08 0 4.18452e-08
104291 4.1255e-08 0 4.1255e-08
105021 4.0673e-08 0 4.0673e-08
105756 4.00993e-08 0 4.00993e-08
106496 3.95336e-08 0 3.95336e-08
107242 3.89759e-08 0 3.89759e-08
107992 3.84261e-08 0 3.84261e-08
108748 3.7884e-08 0 3.7884e-08
109510 3.73495e-08 0 3.73495e-08
110276 3.6822e-08 0 3.6822e-08
111048 3.63025e-08 0 3.63025e-08
111825 3.57904e-08 0 3.57904e-08
112608 3.52855e-08 0 3.52855e-08
113396 3.47876e-08 0 3.47876e-08
114190 3.42968e-08 0 3.42968e-08
114990 3.38129e-08 0 3.38129e-08
115795 3.33359e-08 0 3.33359e-08
116605 3.28655e-08 0 3.28655e-08
117421 3.24018e-08 0 3.24018e-08
118243 3.19446e-08 0 3.19446e-08
119071 3.14939e-08 0 3.14939e-08
119904 3.10495e-08 0 3.10495e-08
120744 3.06113e-08 0 3.06113e-08
121589 3.01794e-08 0 3.01794e-08
122440 2.97535e-08 0 2.97535e-08
123297 2.93336e-08 0 2.93336e-08
124160 2.89192e-08 0 2.89192e-08
125029 2.85111e-08 0 2.85111e-08
125905 2.81088e-08 0 2.81088e-08
126786 2.77121e-08 0 2.77121e-08
127673 2.7321e-08 0 2.7321e-08
128567 2.69354e-08 0 2.69354e-08
129467 2.65553e-08 0 2.65553e-08
130373 2.61805e-08 0 2.61805e-08
131286 2.5811e-08 0 2.5811e-08
132205 2.54467e-08 0 2.54467e-08
133130 2.50875e-08 0 2.50875e-08
134062 2.47334e-08 0 2.47334e-08
135001 2.43843e-08 0 2.43843e-08
135946 2.40401e-08 0 2.40401e-08
136897 2.37007e-08 0 2.37007e-08
137856 2.33662e-08 0 2.33662e-08
138821 2.30363e-08 0 2.30363e-08
139792 2.27108e-08 0 2.27108e-08
140771 2.23902e-08 0 2.23902e-08
141756 2.20741e-08 0 2.20741e-08
142749 2.17625e-08 0 2.17625e-08
143748 2.14552e-08 0 2.14552e-08
144754 2.11523e-08 0 2.11523e-08
145767 2.08537e-08 0 2.08537e-08
146788 2.05593e-08 0 2.05593e-08
147815 2.0269e-08 0 2.0269e-08
148850 1.99828e-08 0 1.99828e-08
149892 1.97007e-08 0 1.97007e-08
150941 1.94225e-08 0 1.94225e-08
151998 1.91482e-08 0 1.91482e-08
153062 1.88778e-08 0 1.88778e-08
154133 1.86113e-08 0 1.86113e-08
155212 1.83484e-08 0 1.83484e-08
156299 1.8089e-08 0 1.8089e-08
157393 1.78336e-08 0 1.78336e-08
158494 1.75817e-08 0 1.75817e-08
159604 1.73334e-08 0 1.73334e-08
160721 1.70886e-08 0 1.70886e-08
161846 1.68473e-08 0 1.68473e-08
162979 1.66094e-08 0 1.66094e-08
164120 1.63748e-08 0 1.63748e-08
165269 1.61435e-08 0 1.61435e-08
166426 1.59154e-08 0 1.59154e-08
167591 1.56906e-08 0 1.56906e-08
168764 1.5469e-08 0 1.5469e-08
169945 1.52505e-08 0 1.52505e-08
171135 1.5035e-08 0 1.5035e-08
172333 1.48226e-08 0 1.48226e-08
173539 1.46132e-08 0 1.46132e-08
174754 1.44068e-08 0 1.44068e-08
175977 1.4203e-08 0 1.4203e-08
177209 1.40024e-08 0 1.40024e-08
178449 1.38045e-08 0 1.38045e-08
179699 1.36095e-08 0 1.36095e-08
180956 1.34172e-08 0 1.34172e-08
182223 1.32276e-08 0 1.32276e-08
183499 1.30407e-08 0 1.30407e-08
184783 1.28564e-08 0 1.28564e-08
186077 1.26747e-08 0 1.26747e-08
187379 1.24956e-08 0 1.24956e-08
188691 1.2319e-08 0 1.2319e-08
190012 1.21449e-08 0 1.21449e-08
191342 1.19733e-08 0 1.19733e-08
192681 1.18041e-08 0 1.18041e-08
194030 1.16372e-08 0 1.16372e-08
195388 1.14727e-08 0 1.14727e-08
196756 1.13106e-08 0 1.13106e-08
198133 1.11505e-08 0 1.11505e-08
199520 1.09929e-08 0 1.09929e-08
200917 1.08375e-08 0 1.08375e-08
202323 1.06843e-08 0 1.06843e-08
203739 1.05333e-08 0 1.05333e-08
205166 1.03843e-08 0 1.03843e-08
206602 1.02375e-08 0 1.02375e-08
208048 1.00928e-08 0 1.00928e-08
209504 9.95008e-09 0 9.95008e-09
210971 9.80939e-09 0 9.80939e-09
212448 9.67069e-09 0 9.67069e-09
213935 9.53394e-09 0 9.53394e-09
215432 9.39912e-09 0 9.39912e-09
216940 9.2662e-09 0 9.2662e-09
218459 9.13515e-09 0 9.13515e-09
219988 9.00596e-09 0 9.00596e-09
221528 8.87843e-09 0 8.87843e-09
223079 8.75287e-09 0 8.75287e-09
224640 8.62907e-09 0 8.62907e-09
226213 8.50702e-09 0 8.50702e-09
227796 8.38668e-09 0 8.38668e-09
229391 8.26805e-09 0 8.26805e-09
230997 8.15109e-09 0 8.15109e-09
232614 8.03578e-09 0 8.03578e-09
234242 7.9221e-09 0 7.9221e-09
235882 7.81002e-09 0 7.81002e-09
237533 7.69952e-09 0 7.69952e-09
239195 7.59058e-09 0 7.59058e-09
240870 7.48317e-09 0 7.48317e-09
242556 7.37728e-09 0 7.37728e-09
244254 7.27289e-09 0 7.27289e-09
245964 7.16997e-09 0 7.16997e-09
247685 7.0685e-09 0 7.0685e-09
249419 6.96834e-09 0 6.96834e-09
251165 6.86972e-09 0 6.86972e-09
252923 6.77249e-09 0 6.77249e-09
254694 6.67664e-09 0 6.67664e-09
256477 6.58213e-09 0 6.58213e-09
258272 6.48896e-09 0 6.48896e-09
260080 6.3971e-09 0 6.3971e-09
261900 6.30654e-09 0 6.30654e-09
263734 6.21726e-09 0 6.21726e-09
265580 6.12924e-09 0 6.12924e-09
267439 6.04246e-09 0 6.04246e-09
269311 5.9569e-09 0 5.9569e-09
271196 5.87255e-09 0 5.87255e-09
273094 5.78939e-09 0 5.78939e-09
275006 5.70741e-09 0 5.70741e-09
276931 5.62658e-09 0 5.62658e-09
278870 5.54689e-09 0 5.54689e-09
280822 5.46824e-09 0 5.46824e-09
282788 5.39079e-09 0 5.39079e-09
284767 5.31444e-09 0 5.31444e-09
286760 5.23916e-09 0 5.23916e-09
288768 5.16494e-09 0 5.16494e-09
290789 5.09178e-09 0 5.09178e-09
292825 5.01964e-09 0 5.01964e-09
294874 4.94852e-09 0 4.94852e-09
296938 4.87841e-09 0 4.87841e-09
299017 4.80929e-09 0 4.80929e-09
301110 4.74114e-09 0 4.74114e-09
303218 4.67396e-09 0 4.67396e-09
305340 4.60772e-09 0 4.60772e-09
307478 4.54242e-09 0 4.54242e-09
309630 4.47804e-09 0 4.47804e-09
311798 4.41457e-09 0 4.41457e-09
313980 4.35192e-09 0 4.35192e-09
316178 4.29024e-09 0 4.29024e-09
318391 4.22942e-09 0 4.22942e-09
320620 4.16946e-09 0 4.16946e-09
322864 4.11035e-09 0 4.11035e-09
325124 4.05208e-09 0 4.05208e-09
327400 3.99463e-09 0 3.99463e-09
329692 3.93799e-09 0 3.93799e-09
332000 3.88215e-09 0 3.88215e-09
334324 3.82709e-09 0 3.82709e-09
336664 3.77282e-09 0 3.77282e-09
339021 3.71931e-09 0 3.71931e-09
341394 3.66656e-09 0 3.66656e-09
343784 3.61455e-09 0 3.61455e-09
346190 3.56328e-09 0 3.56328e-09
348614 3.51273e-09 0 3.51273e-09
351054 3.4629e-09 0 3.4629e-09
353511 3.41371e-09 0 3.41371e-09
355986 3.36528e-09 0 3.36528e-09
358478 3.31753e-09 0 3.31753e-09
360987 3.27045e-09 0 3.27045e-09
363514 3.22405e-09 0 3.22405e-09
366059 3.17829e-09 0 3.17829e-09
368621 3.13319e-09 0 3.13319e-09
371201 3.08872e-09 0 3.08872e-09
373800 3.04488e-09 0 3.04488e-09
376416 3.00166e-09 0 3.00166e-09
379051 2.95905e-09 0 2.95905e-09
381705 2.91704e-09 0 2.91704e-09
384377 2.87562e-09 0 2.87562e-09
387067 2.83479e-09 0 2.83479e-09
389777 2.79454e-09 0 2.79454e-09
392505 2.75486e-09 0 2.75486e-09
395253 2.71574e-09 0 2.71574e-09
398019 2.67712e-09 0 2.67712e-09
400806 2.6391e-09 0 2.6391e-09
403611 2.60162e-09 0 2.60162e-09
406436 2.56467e-09 0 2.56467e-09
409282 2.52824e-09 0 2.52824e-09
412147 2.49232e-09 0 2.49232e-09
415032 2.45691e-09 0 2.45691e-09
417937 2.42201e-09 0 2.42201e-09
420862 2.38759e-09 0 2.38759e-09
423808 2.35366e-09 0 2.35366e-09
426775 2.32022e-09 0 2.32022e-09
429762 2.28724e-09 0 2.28724e-09
432771 2.25474e-09 0 2.25474e-09
435800 2.22269e-09 0 2.22269e-09
438851 2.19109e-09 0 2.19109e-09
441923 2.15995e-09 0 2.15995e-09
445016 2.1292e-09 0 2.1292e-09
448131 2.09893e-09 0 2.09893e-09
451268 2.06909e-09 0 2.06909e-09
454427 2.03967e-09 0 2.03967e-09
457608 2.01066e-09 0 2.01066e-09
460811 1.98207e-09 0 1.98207e-09
464037 1.95388e-09 0 1.95388e-09
467285 1.92609e-09 0 1.92609e-09
470556 1.89869e-09 0 1.89869e-09
473850 1.87169e-09 0 1.87169e-09
477167 1.84506e-09 0 1.84506e-09
480507 1.81881e-09 0 1.81881e-09
483871 1.79293e-09 0 1.79293e-09
487258 1.76742e-09 0 1.76742e-09
490669 1.74227e-09 0 1.74227e-09
494103 1.71747e-09 0 1.71747e-09
497562 1.69303e-09 0 1.69303e-09
501045 1.6689e-09 0 1.6689e-09
504552 1.64515e-09 0 1.64515e-09
508084 1.62173e-09 0 1.62173e-09
511641 1.59864e-09 0 1.59864e-09
515222 1.57588e-09 0 1.57588e-09
518829 1.55344e-09 0 1.55344e-09
522461 1.53132e-09 0 1.53132e-09
526118 1.50952e-09 0 1.50952e-09
529801 1.48802e-09 0 1.48802e-09
533509 1.46683e-09 0 1.46683e-09
537244 1.44593e-09 0 1.44593e-09
541005 1.42534e-09 0 1.42534e-09
544792 1.40503e-09 0 1.40503e-09
548605 1.38501e-09 0 1.38501e-09
552445 1.36528e-09 0 1.36528e-09
556313 1.34583e-09 0 1.34583e-09
560207 1.32665e-09 0 1.32665e-09
564128 1.30772e-09 0 1.30772e-09
568077 1.28908e-09 0 1.28908e-09
572054 1.27071e-09 0 1.27071e-09
576058 1.25259e-09 0 1.25259e-09
580090 1.23474e-09 0 1.23474e-09
584151 1.21713e-09 0 1.21713e-09
588240 1.19978e-09 0 1.19978e-09
592358 1.18267e-09 0 1.18267e-09
596504 1.16581e-09 0 1.16581e-09
600680 1.14918e-09 0 1.14918e-09
604885 1.13279e-09 0 1.13279e-09
609119 1.11663e-09 0 1.11663e-09
613383 1.1007e-09 0 1.1007e-09
617676 1.085e-09 0 1.085e-09
622000 1.06952e-09 0 1.06952e-09
626354 1.05426e-09 0 1.05426e-09
630738 1.03922e-09 0 1.03922e-09
635154 1.02437e-09 0 1.02437e-09
639600 1.00975e-09 0 1.00975e-09
644077 9.95342e-10 0 9.95342e-10
