7.17387 0.995859 102.798 2.25783e-45
7.22409 0.995481 101.821 5.99301e-45
7.27465 0.995075 100.838 1.60136e-44
7.32558 0.994639 99.8491 4.30296e-44
7.37686 0.994171 98.8516 1.16615e-43
7.42849 0.993671 97.849 3.17664e-43
7.48049 0.993135 96.8474 8.64424e-43
7.53286 0.992563 95.8382 2.37009e-42
7.58559 0.991952 94.8182 6.5683e-42
7.63869 0.9913 93.7987 1.81955e-41
7.69216 0.990607 92.7753 5.05936e-41
7.746 0.989869 91.7413 1.42184e-40
7.80022 0.989084 90.6938 4.04952e-40
7.85482 0.988252 89.6621 1.13525e-39
7.90981 0.98737 88.6171 3.22518e-39
7.96518 0.986436 87.5545 9.3244e-39
8.02093 0.985448 86.506 2.65807e-38
8.07708 0.984404 85.4412 7.70106e-38
8.13362 0.983301 84.3724 2.23982e-37
8.19055 0.982139 83.304 6.5119e-37
8.24789 0.980913 82.2348 1.89464e-36
8.30562 0.979623 81.1484 5.60757e-36
8.36376 0.978267 80.071 1.64459e-35
8.42231 0.976842 78.9832 4.87365e-35
8.48127 0.975346 77.8918 1.44942e-34
8.54063 0.973778 76.796 4.32888e-34
8.60042 0.972134 75.7013 1.29143e-33
8.66062 0.970414 74.5984 3.88401e-33
8.72125 0.968613 73.487 1.17797e-32
8.7823 0.966733 72.3825 3.54785e-32
8.84377 0.964771 71.2687 1.07853e-31
8.90568 0.962725 70.1564 3.27325e-31
8.96802 0.960593 69.0445 9.92881e-31
9.03079 0.958372 67.9256 3.03251e-30
9.09401 0.956062 66.804 9.28721e-30
9.15767 0.953661 65.6775 2.85764e-29
9.22177 0.951167 64.5504 8.7974e-29
9.28632 0.948578 63.4291 2.69254e-28
9.35133 0.945894 62.3001 8.30317e-28
9.41679 0.943113 61.1756 2.54872e-27
9.4827 0.940233 60.0426 7.88992e-27
9.54908 0.937254 58.9086 2.44437e-26
9.61593 0.934174 57.7803 7.52956e-26
9.68324 0.930993 56.6506 2.32226e-25
9.75102 0.927709 55.5154 7.20053e-25
9.81928 0.924317 54.3899 2.21108e-24
9.88801 0.920826 53.2557 6.84747e-24
9.95723 0.91723 52.1269 2.10885e-23
10.0269 0.913529 50.9924 6.53154e-23
10.0971 0.909723 49.8684 2.00141e-22
10.1678 0.905811 48.7411 6.15255e-22
10.239 0.901793 47.6224 1.87483e-21
10.3106 0.897668 46.5019 5.72252e-21
10.3828 0.893438 45.3798 1.74936e-20
10.4555 0.889102 44.2637 5.31485e-20
10.5287 0.88466 43.1561 1.60072e-19
10.6024 0.880113 42.0469 4.82815e-19
10.6766 0.875462 40.9449 1.44581e-18
10.7513 0.870706 39.8411 4.33626e-18
10.8266 0.865847 38.75 1.28384e-17
10.9024 0.860885 37.6572 3.80748e-17
10.9787 0.855813 36.5774 1.11433e-16
11.0556 0.850649 35.4984 3.25841e-16
11.1329 0.845386 34.4275 9.44854e-16
11.2109 0.840024 33.3609 2.72806e-15
11.2894 0.834566 32.3062 7.78117e-15
11.3684 0.829012 31.2598 2.20096e-14
11.448 0.823364 30.2188 6.19034e-14
11.5281 0.817625 29.1861 1.72668e-13
11.6088 0.811795 28.1672 4.7488e-13
11.69 0.805876 27.1533 1.29939e-12
11.7719 0.799871 26.1567 3.49383e-12
11.8543 0.793781 25.166 9.3374e-12
11.9373 0.787609 24.1897 2.45959e-11
12.0208 0.781356 23.2218 6.42349e-11
12.105 0.775026 22.269 1.65204e-10
12.1897 0.768619 21.3326 4.17905e-10
12.275 0.76214 20.4072 1.04547e-09
12.361 0.75558 19.4966 2.57641e-09
12.4475 0.748962 18.6019 6.24802e-09
12.5346 0.742278 17.7213 1.49386e-08
12.6224 0.735531 16.861 3.49899e-08
12.7107 0.728723 16.0165 8.0668e-08
12.7997 0.721858 15.1892 1.82761e-07
12.8893 0.714938 14.3814 4.05977e-07
12.9795 0.707967 13.5925 8.848e-07
13.0704 0.700945 12.8237 1.88984e-06
13.1619 0.693878 12.075 3.95546e-06
13.254 0.686767 11.3491 8.08982e-06
13.3468 0.679615 10.6439 1.62055e-05
13.4402 0.672426 9.95912 3.1802e-05
13.5343 0.665202 9.30171 6.07115e-05
13.629 0.657946 8.66592 0.000113404
13.7244 0.650662 8.05382 0.000206835
13.8205 0.64334 7.46741 0.000367607
13.9172 0.636007 6.90497 0.00063778
14.0147 0.628654 6.36737 0.0010792
14.1128 0.621284 5.85767 0.00177556
14.2116 0.6139 5.37248 0.0028501
14.311 0.606504 4.91321 0.00445712
14.4112 0.5991 4.47949 0.00679328
14.5121 0.59169 4.07193 0.0100851
14.6137 0.584278 3.69005 0.0145899
14.716 0.576866 3.33317 0.0205825
14.819 0.569456 2.99964 0.0283619
14.9227 0.562052 2.69244 0.0380597
15.0272 0.554656 2.40858 0.0498875
15.1324 0.547271 2.14621 0.0639905
15.2383 0.539899 1.90743 0.0801542
15.345 0.532543 1.68833 0.0984291
15.4524 0.525206 1.48992 0.118377
15.5605 0.517878 1.31032 0.139689
15.6695 0.510586 1.14815 0.161969
15.7791 0.503318 1.00268 0.184666
15.8896 0.496079 0.872677 0.207277
16.0008 0.48887 0.757071 0.229299
16.1128 0.481693 0.654658 0.250297
16.2256 0.474551 0.564177 0.269938
16.3392 0.467445 0.484441 0.287966
16.4536 0.460378 0.414749 0.304082
16.5688 0.453351 0.35401 0.318192
16.6847 0.446366 0.300993 0.330348
16.8015 0.439425 0.25527 0.340426
16.9191 0.432531 0.215752 0.348592
17.0376 0.425684 0.181721 0.354949
17.1568 0.418886 0.152572 0.359612
17.2769 0.412138 0.127707 0.362727
17.3979 0.405433 0.106566 0.36445
17.5197 0.398792 0.0886494 0.364961
17.6423 0.392206 0.0735154 0.364407
17.7658 0.385677 0.0607571 0.362942
17.8902 0.379205 0.0500027 0.36071
18.0154 0.372791 0.0410486 0.357799
18.1415 0.366438 0.0335582 0.354345
18.2685 0.360145 0.0273448 0.350431
18.3964 0.353915 0.0221818 0.346151
18.5251 0.347747 0.0179187 0.341571
18.6548 0.341642 0.0144335 0.336747
18.7854 0.335603 0.0115682 0.331743
18.9169 0.329628 0.00922801 0.3266
19.0493 0.323719 0.00732458 0.321357
19.1827 0.317877 0.00579031 0.316042
19.3169 0.312102 0.00455592 0.310684
19.4522 0.306395 0.00356058 0.305306
19.5883 0.300748 0.00277171 0.299916
19.7254 0.295178 0.00214521 0.294545
19.8635 0.289677 0.00165155 0.289199
20.0026 0.284245 0.00126466 0.283886
20.1426 0.278883 0.000962442 0.278615
20.2836 0.273591 0.000729325 0.273391
20.4256 0.268368 0.000549699 0.268221
20.5685 0.263216 0.000411656 0.263107
20.7125 0.258133 0.000306691 0.258054
20.8575 0.253121 0.000227439 0.253064
21.0035 0.248179 0.000167638 0.248138
21.1505 0.243308 0.000123018 0.243278
21.2986 0.238506 8.96794e-05 0.238485
21.4477 0.233775 6.50444e-05 0.23376
21.5978 0.229113 4.68915e-05 0.229102
21.749 0.224521 3.35986e-05 0.224514
21.9012 0.219992 2.39194e-05 0.219987
22.0545 0.215539 1.68924e-05 0.215536
22.2089 0.211155 1.18433e-05 0.211153
22.3644 0.20684 8.21829e-06 0.206838
22.5209 0.202593 5.64921e-06 0.202592
22.6786 0.198414 3.83835e-06 0.198413
22.8373 0.194302 2.56665e-06 0.194302
22.9972 0.190258 1.6847e-06 0.190257
23.1582 0.18628 1.07674e-06 0.186279
23.3203 0.182368 6.75446e-07 0.182368
23.4835 0.178522 4.08661e-07 0.178522
23.6479 0.174741 2.34304e-07 0.174741
23.8134 0.171025 1.21427e-07 0.171025
23.9801 0.167373 5.60147e-08 0.167373
24.148 0.163785 1.86344e-08 0.163785
24.317 0.160259 0 0.160259
24.4873 0.156796 0 0.156796
24.6587 0.15339 0 0.15339
24.8313 0.15005 0 0.15005
25.0051 0.146771 0 0.146771
25.1801 0.143552 0 0.143552
25.3564 0.140392 0 0.140392
25.5339 0.13729 0 0.13729
25.7126 0.134246 0 0.134246
25.8926 0.13126 0 0.13126
26.0739 0.12833 0 0.12833
26.2564 0.125455 0 0.125455
26.4402 0.122636 0 0.122636
26.6253 0.119871 0 0.119871
26.8116 0.11716 0 0.11716
26.9993 0.114502 0 0.114502
27.1883 0.111896 0 0.111896
27.3786 0.109342 0 0.109342
27.5703 0.106834 0 0.106834
27.7633 0.104381 0 0.104381
27.9576 0.101977 0 0.101977
28.1533 0.0996217 0 0.0996217
28.3504 0.0973142 0 0.0973142
28.5488 0.0950538 0 0.0950538
28.7487 0.0928398 0 0.0928398
28.9499 0.0906716 0 0.0906716
29.1526 0.0885483 0 0.0885483
29.3566 0.0864693 0 0.0864693
29.5621 0.0844338 0 0.0844338
29.7691 0.0824412 0 0.0824412
29.9775 0.0804907 0 0.0804907
30.1873 0.0785816 0 0.0785816
30.3986 0.0767133 0 0.0767133
30.6114 0.074885 0 0.074885
30.8257 0.0730961 0 0.0730961
31.0415 0.0713433 0 0.0713433
31.2588 0.0696311 0 0.0696311
31.4776 0.0679563 0 0.0679563
31.6979 0.0663181 0 0.0663181
31.9198 0.0647159 0 0.0647159
32.1432 0.063149 0 0.063149
32.3682 0.0616168 0 0.0616168
32.5948 0.0601186 0 0.0601186
32.823 0.0586538 0 0.0586538
33.0527 0.0572218 0 0.0572218
33.2841 0.055822 0 0.055822
33.5171 0.0544537 0 0.0544537
33.7517 0.0531163 0 0.0531163
33.988 0.0518093 0 0.0518093
34.2259 0.050532 0 0.050532
34.4655 0.0492839 0 0.0492839
34.7067 0.0480643 0 0.0480643
34.9497 0.0468712 0 0.0468712
35.1943 0.0457073 0 0.0457073
35.4407 0.0445703 0 0.0445703
35.6888 0.0434596 0 0.0434596
35.9386 0.0423748 0 0.0423748
36.1902 0.0413153 0 0.0413153
36.4435 0.0402805 0 0.0402805
36.6986 0.03927 0 0.03927
36.9555 0.0382833 0 0.0382833
37.2142 0.0373199 0 0.0373199
37.4747 0.0363792 0 0.0363792
37.737 0.0354609 0 0.0354609
38.0012 0.0345643 0 0.0345643
38.2672 0.0336892 0 0.0336892
38.535 0.0328349 0 0.0328349
38.8048 0.0320011 0 0.0320011
39.0764 0.0311861 0 0.0311861
39.35 0.030392 0 0.030392
39.6254 0.029617 0 0.029617
39.9028 0.0288607 0 0.0288607
40.1821 0.0281228 0 0.0281228
40.4634 0.0274027 0 0.0274027
40.7466 0.0267002 0 0.0267002
41.0318 0.0260148 0 0.0260148
41.3191 0.0253462 0 0.0253462
41.6083 0.0246939 0 0.0246939
41.8996 0.0240576 0 0.0240576
42.1929 0.023437 0 0.023437
42.4882 0.0228316 0 0.0228316
42.7856 0.0222412 0 0.0222412
43.0851 0.0216654 0 0.0216654
43.3867 0.0211039 0 0.0211039
43.6904 0.0205563 0 0.0205563
43.9963 0.0200215 0 0.0200215
44.3042 0.0195009 0 0.0195009
44.6144 0.0189933 0 0.0189933
44.9267 0.0184983 0 0.0184983
45.2411 0.0180157 0 0.0180157
45.5578 0.0175453 0 0.0175453
45.8767 0.0170866 0 0.0170866
46.1979 0.0166395 0 0.0166395
46.5213 0.0162037 0 0.0162037
46.8469 0.0157788 0 0.0157788
47.1748 0.0153647 0 0.0153647
47.5051 0.0149611 0 0.0149611
47.8376 0.0145677 0 0.0145677
48.1725 0.0141843 0 0.0141843
48.5097 0.0138107 0 0.0138107
48.8492 0.0134466 0 0.0134466
49.1912 0.0130913 0 0.0130913
49.5355 0.0127455 0 0.0127455
49.8823 0.0124086 0 0.0124086
50.2314 0.0120804 0 0.0120804
50.5831 0.0117605 0 0.0117605
50.9371 0.0114489 0 0.0114489
51.2937 0.0111453 0 0.0111453
51.6528 0.0108495 0 0.0108495
52.0143 0.0105613 0 0.0105613
52.3784 0.0102805 0 0.0102805
52.7451 0.0100071 0 0.0100071
53.1143 0.00974065 0 0.00974065
53.4861 0.00948113 0 0.00948113
53.8605 0.00922835 0 0.00922835
54.2375 0.00898213 0 0.00898213
54.6172 0.00874231 0 0.00874231
54.9995 0.00850873 0 0.00850873
55.3845 0.00828093 0 0.00828093
55.7722 0.00805939 0 0.00805939
56.1626 0.00784363 0 0.00784363
56.5557 0.00763351 0 0.00763351
56.9516 0.00742888 0 0.00742888
57.3503 0.00722962 0 0.00722962
57.7517 0.00703557 0 0.00703557
58.156 0.00684662 0 0.00684662
58.5631 0.00666262 0 0.00666262
58.973 0.00648347 0 0.00648347
59.3858 0.00630902 0 0.00630902
59.8015 0.00613917 0 0.00613917
60.2202 0.0059738 0 0.0059738
60.6417 0.00581279 0 0.00581279
61.0662 0.00565604 0 0.00565604
61.4937 0.00550342 0 0.00550342
61.9241 0.00535464 0 0.00535464
62.3576 0.00521001 0 0.00521001
62.7941 0.00506921 0 0.00506921
63.2336 0.00493214 0 0.00493214
63.6763 0.00479872 0 0.00479872
64.122 0.00466883 0 0.00466883
64.5709 0.0045424 0 0.0045424
65.0229 0.00441933 0 0.00441933
65.478 0.00429954 0 0.00429954
65.9364 0.00418294 0 0.00418294
66.3979 0.00406944 0 0.00406944
66.8627 0.00395898 0 0.00395898
67.3307 0.00385146 0 0.00385146
67.8021 0.00374682 0 0.00374682
68.2767 0.00364497 0 0.00364497
68.7546 0.00354585 0 0.00354585
69.2359 0.00344939 0 0.00344939
69.7205 0.00335538 0 0.00335538
70.2086 0.00326402 0 0.00326402
70.7001 0.00317511 0 0.00317511
71.195 0.00308859 0 0.00308859
71.6933 0.00300439 0 0.00300439
72.1952 0.00292246 0 0.00292246
72.7005 0.00284273 0 0.00284273
73.2094 0.00276514 0 0.00276514
73.7219 0.00268965 0 0.00268965
74.238 0.00261618 0 0.00261618
74.7576 0.0025447 0 0.0025447
75.2809 0.00247514 0 0.00247514
75.8079 0.00240747 0 0.00240747
76.3385 0.00234162 0 0.00234162
76.8729 0.00227754 0 0.00227754
77.411 0.0022152 0 0.0022152
77.9529 0.00215446 0 0.00215446
78.4986 0.00209546 0 0.00209546
79.0481 0.00203805 0 0.00203805
79.6014 0.00198219 0 0.00198219
80.1586 0.00192785 0 0.00192785
80.7197 0.00187498 0 0.00187498
81.2848 0.00182354 0 0.00182354
81.8538 0.0017735 0 0.0017735
82.4267 0.00172482 0 0.00172482
83.0037 0.00167746 0 0.00167746
83.5847 0.00163139 0 0.00163139
84.1698 0.00158657 0 0.00158657
84.759 0.00154297 0 0.00154297
85.3523 0.00150055 0 0.00150055
85.9498 0.00145929 0 0.00145929
86.5515 0.00141916 0 0.00141916
87.1573 0.00138011 0 0.00138011
87.7674 0.00134208 0 0.00134208
88.3818 0.00130514 0 0.00130514
89.0005 0.00126921 0 0.00126921
89.6235 0.00123426 0 0.00123426
90.2508 0.00120026 0 0.00120026
90.8826 0.00116719 0 0.00116719
91.5188 0.00113502 0 0.00113502
92.1594 0.00110373 0 0.00110373
92.8045 0.0010733 0 0.0010733
93.4541 0.0010437 0 0.0010437
94.1083 0.00101491 0 0.00101491
94.7671 0.000986908 0 0.000986908
95.4304 0.000959672 0 0.000959672
96.0985 0.000933181 0 0.000933181
96.7711 0.000907417 0 0.000907417
97.4485 0.000882358 0 0.000882358
98.1307 0.000857953 0 0.000857953
98.8176 0.000834251 0 0.000834251
99.5093 0.0008112 0 0.0008112
100.206 0.000788781 0 0.000788781
100.907 0.000766978 0 0.000766978
101.614 0.000745773 0 0.000745773
102.325 0.00072515 0 0.00072515
103.041 0.000705094 0 0.000705094
103.763 0.000685588 0 0.000685588
104.489 0.000666619 0 0.000666619
105.22 0.000648171 0 0.000648171
105.957 0.000630231 0 0.000630231
106.699 0.000612784 0 0.000612784
107.445 0.000595817 0 0.000595817
108.198 0.000579317 0 0.000579317
108.955 0.000563271 0 0.000563271
109.718 0.000547667 0 0.000547667
110.486 0.000532472 0 0.000532472
111.259 0.000517718 0 0.000517718
112.038 0.000503369 0 0.000503369
112.822 0.000489417 0 0.000489417
113.612 0.000475848 0 0.000475848
114.407 0.000462654 0 0.000462654
115.208 0.000449824 0 0.000449824
116.014 0.000437348 0 0.000437348
116.827 0.000425216 0 0.000425216
117.644 0.000413419 0 0.000413419
118.468 0.000401947 0 0.000401947
119.297 0.000390793 0 0.000390793
120.132 0.000379946 0 0.000379946
120.973 0.000369399 0 0.000369399
121.82 0.000359143 0 0.000359143
122.673 0.000349171 0 0.000349171
123.531 0.000339461 0 0.000339461
124.396 0.000330033 0 0.000330033
125.267 0.000320866 0 0.000320866
126.144 0.000311953 0 0.000311953
127.027 0.000303286 0 0.000303286
127.916 0.000294859 0 0.000294859
128.811 0.000286665 0 0.000286665
129.713 0.000278697 0 0.000278697
130.621 0.000270951 0 0.000270951
131.535 0.000263418 0 0.000263418
132.456 0.000256095 0 0.000256095
133.383 0.000248974 0 0.000248974
134.317 0.00024205 0 0.00024205
135.257 0.000235318 0 0.000235318
136.204 0.000228773 0 0.000228773
137.157 0.000222409 0 0.000222409
138.118 0.000216221 0 0.000216221
139.084 0.000210197 0 0.000210197
140.058 0.000204349 0 0.000204349
141.038 0.000198662 0 0.000198662
142.026 0.000193133 0 0.000193133
143.02 0.000187758 0 0.000187758
144.021 0.000182532 0 0.000182532
145.029 0.00017745 0 0.00017745
146.044 0.00017251 0 0.00017251
147.067 0.000167707 0 0.000167707
148.096 0.000163037 0 0.000163037
149.133 0.000158496 0 0.000158496
150.177 0.000154082 0 0.000154082
151.228 0.000149791 0 0.000149791
152.287 0.000145618 0 0.000145618
153.353 0.000141561 0 0.000141561
154.426 0.000137617 0 0.000137617
155.507 0.000133778 0 0.000133778
156.596 0.000130051 0 0.000130051
157.692 0.000126427 0 0.000126427
158.796 0.000122903 0 0.000122903
159.907 0.000119478 0 0.000119478
161.026 0.000116148 0 0.000116148
162.154 0.000112911 0 0.000112911
163.289 0.000109763 0 0.000109763
164.432 0.000106703 0 0.000106703
165.583 0.000103728 0 0.000103728
166.742 0.000100836 0 0.000100836
167.909 9.80245e-05 0 9.80245e-05
169.084 9.5291e-05 0 9.5291e-05
170.268 9.26335e-05 0 9.26335e-05
171.46 9.005e-05 0 9.005e-05
172.66 8.75384e-05 0 8.75384e-05
173.869 8.50967e-05 0 8.50967e-05
175.086 8.27199e-05 0 8.27199e-05
176.311 8.04124e-05 0 8.04124e-05
177.546 7.81692e-05 0 7.81692e-05
178.788 7.59884e-05 0 7.59884e-05
180.04 7.38683e-05 0 7.38683e-05
181.3 7.18072e-05 0 7.18072e-05
182.569 6.98036e-05 0 6.98036e-05
183.847 6.78557e-05 0 6.78557e-05
185.134 6.59621e-05 0 6.59621e-05
186.43 6.41212e-05 0 6.41212e-05
187.735 6.23316e-05 0 6.23316e-05
189.049 6.05918e-05 0 6.05918e-05
190.373 5.89005e-05 0 5.89005e-05
191.705 5.72564e-05 0 5.72564e-05
193.047 5.5658e-05 0 5.5658e-05
194.399 5.41042e-05 0 5.41042e-05
195.759 5.25917e-05 0 5.25917e-05
197.13 5.11235e-05 0 5.11235e-05
198.51 4.96961e-05 0 4.96961e-05
199.899 4.83085e-05 0 4.83085e-05
201.298 4.69597e-05 0 4.69597e-05
202.707 4.56484e-05 0 4.56484e-05
204.126 4.43737e-05 0 4.43737e-05
205.555 4.31345e-05 0 4.31345e-05
206.994 4.19298e-05 0 4.19298e-05
208.443 4.07588e-05 0 4.07588e-05
209.902 3.96204e-05 0 3.96204e-05
211.372 3.85138e-05 0 3.85138e-05
212.851 3.7438e-05 0 3.7438e-05
214.341 3.63922e-05 0 3.63922e-05
215.842 3.53756e-05 0 3.53756e-05
217.352 3.43874e-05 0 3.43874e-05
218.874 3.34267e-05 0 3.34267e-05
220.406 3.24916e-05 0 3.24916e-05
221.949 3.15839e-05 0 3.15839e-05
223.502 3.07015e-05 0 3.07015e-05
225.067 2.98437e-05 0 2.98437e-05
226.642 2.90098e-05 0 2.90098e-05
228.229 2.81992e-05 0 2.81992e-05
229.827 2.74113e-05 0 2.74113e-05
231.435 2.66453e-05 0 2.66453e-05
233.055 2.59007e-05 0 2.59007e-05
234.687 2.51769e-05 0 2.51769e-05
236.33 2.44733e-05 0 2.44733e-05
237.984 2.37893e-05 0 2.37893e-05
239.65 2.31245e-05 0 2.31245e-05
241.327 2.24781e-05 0 2.24781e-05
243.017 2.18499e-05 0 2.18499e-05
244.718 2.12391e-05 0 2.12391e-05
246.431 2.06447e-05 0 2.06447e-05
248.156 2.00676e-05 0 2.00676e-05
249.893 1.95067e-05 0 1.95067e-05
251.642 1.89614e-05 0 1.89614e-05
253.404 1.84314e-05 0 1.84314e-05
255.177 1.79162e-05 0 1.79162e-05
256.964 1.74153e-05 0 1.74153e-05
258.762 1.69284e-05 0 1.69284e-05
260.574 1.64552e-05 0 1.64552e-05
262.398 1.59951e-05 0 1.59951e-05
264.235 1.55479e-05 0 1.55479e-05
266.084 1.51132e-05 0 1.51132e-05
267.947 1.46907e-05 0 1.46907e-05
269.822 1.42799e-05 0 1.42799e-05
271.711 1.38806e-05 0 1.38806e-05
273.613 1.34925e-05 0 1.34925e-05
275.528 1.31152e-05 0 1.31152e-05
277.457 1.2748e-05 0 1.2748e-05
279.399 1.23915e-05 0 1.23915e-05
281.355 1.2045e-05 0 1.2045e-05
283.325 1.17082e-05 0 1.17082e-05
285.308 1.13808e-05 0 1.13808e-05
287.305 1.10625e-05 0 1.10625e-05
289.316 1.07531e-05 0 1.07531e-05
291.341 1.04524e-05 0 1.04524e-05
293.381 1.01601e-05 0 1.01601e-05
295.434 9.87594e-06 0 9.87594e-06
297.503 9.59973e-06 0 9.59973e-06
299.585 9.33124e-06 0 9.33124e-06
301.682 9.07025e-06 0 9.07025e-06
303.794 8.81656e-06 0 8.81656e-06
305.92 8.56996e-06 0 8.56996e-06
308.062 8.33025e-06 0 8.33025e-06
310.218 8.09693e-06 0 8.09693e-06
312.39 7.87046e-06 0 7.87046e-06
314.577 7.65032e-06 0 7.65032e-06
316.779 7.43633e-06 0 7.43633e-06
318.996 7.22832e-06 0 7.22832e-06
321.229 7.02613e-06 0 7.02613e-06
323.478 6.82959e-06 0 6.82959e-06
325.742 6.63854e-06 0 6.63854e-06
328.022 6.45283e-06 0 6.45283e-06
330.318 6.27232e-06 0 6.27232e-06
332.631 6.09685e-06 0 6.09685e-06
334.959 5.92629e-06 0 5.92629e-06
337.304 5.7605e-06 0 5.7605e-06
339.665 5.59934e-06 0 5.59934e-06
342.042 5.44269e-06 0 5.44269e-06
344.437 5.29042e-06 0 5.29042e-06
346.848 5.14241e-06 0 5.14241e-06
349.276 4.99835e-06 0 4.99835e-06
351.721 4.85852e-06 0 4.85852e-06
354.183 4.72259e-06 0 4.72259e-06
356.662 4.59047e-06 0 4.59047e-06
359.159 4.46203e-06 0 4.46203e-06
361.673 4.33719e-06 0 4.33719e-06
364.204 4.21585e-06 0 4.21585e-06
366.754 4.09789e-06 0 4.09789e-06
369.321 3.98323e-06 0 3.98323e-06
371.906 3.87178e-06 0 3.87178e-06
374.51 3.76345e-06 0 3.76345e-06
377.131 3.65815e-06 0 3.65815e-06
379.771 3.55579e-06 0 3.55579e-06
382.43 3.4563e-06 0 3.4563e-06
385.107 3.35958e-06 0 3.35958e-06
387.802 3.26558e-06 0 3.26558e-06
390.517 3.17408e-06 0 3.17408e-06
393.251 3.08527e-06 0 3.08527e-06
396.003 2.99894e-06 0 2.99894e-06
398.775 2.91502e-06 0 2.91502e-06
401.567 2.83346e-06 0 2.83346e-06
404.378 2.75417e-06 0 2.75417e-06
407.208 2.6771e-06 0 2.6771e-06
410.059 2.60219e-06 0 2.60219e-06
412.929 2.52937e-06 0 2.52937e-06
415.82 2.45859e-06 0 2.45859e-06
418.731 2.38979e-06 0 2.38979e-06
421.662 2.32292e-06 0 2.32292e-06
424.613 2.25791e-06 0 2.25791e-06
427.586 2.19473e-06 0 2.19473e-06
430.579 2.13331e-06 0 2.13331e-06
433.593 2.07361e-06 0 2.07361e-06
436.628 2.01558e-06 0 2.01558e-06
439.684 1.9591e-06 0 1.9591e-06
442.762 1.90428e-06 0 1.90428e-06
445.861 1.85099e-06 0 1.85099e-06
448.983 1.79919e-06 0 1.79919e-06
452.125 1.74884e-06 0 1.74884e-06
455.29 1.6999e-06 0 1.6999e-06
458.477 1.65232e-06 0 1.65232e-06
461.687 1.60608e-06 0 1.60608e-06
464.918 1.56114e-06 0 1.56114e-06
468.173 1.51745e-06 0 1.51745e-06
471.45 1.47498e-06 0 1.47498e-06
474.75 1.4337e-06 0 1.4337e-06
478.073 1.39358e-06 0 1.39358e-06
481.42 1.35457e-06 0 1.35457e-06
484.79 1.31666e-06 0 1.31666e-06
488.183 1.27981e-06 0 1.27981e-06
491.601 1.24395e-06 0 1.24395e-06
495.042 1.20914e-06 0 1.20914e-06
498.507 1.1753e-06 0 1.1753e-06
501.997 1.1424e-06 0 1.1424e-06
505.511 1.11043e-06 0 1.11043e-06
509.049 1.07936e-06 0 1.07936e-06
512.613 1.04915e-06 0 1.04915e-06
516.201 1.01979e-06 0 1.01979e-06
519.814 9.91244e-07 0 9.91244e-07
523.453 9.63502e-07 0 9.63502e-07
527.117 9.36536e-07 0 9.36536e-07
530.807 9.10324e-07 0 9.10324e-07
534.523 8.84846e-07 0 8.84846e-07
538.264 8.60081e-07 0 8.60081e-07
542.032 8.36009e-07 0 8.36009e-07
545.826 8.1261e-07 0 8.1261e-07
549.647 7.89866e-07 0 7.89866e-07
553.495 7.67731e-07 0 7.67731e-07
557.369 7.46245e-07 0 7.46245e-07
561.271 7.25359e-07 0 7.25359e-07
565.2 7.05058e-07 0 7.05058e-07
569.156 6.85325e-07 0 6.85325e-07
573.14 6.66145e-07 0 6.66145e-07
577.152 6.47501e-07 0 6.47501e-07
581.192 6.29378e-07 0 6.29378e-07
585.261 6.11763e-07 0 6.11763e-07
589.357 5.94641e-07 0 5.94641e-07
593.483 5.77998e-07 0 5.77998e-07
597.637 5.6182e-07 0 5.6182e-07
601.821 5.46096e-07 0 5.46096e-07
606.034 5.30811e-07 0 5.30811e-07
610.276 5.15954e-07 0 5.15954e-07
614.548 5.01513e-07 0 5.01513e-07
618.85 4.87458e-07 0 4.87458e-07
623.181 4.73815e-07 0 4.73815e-07
627.544 4.60554e-07 0 4.60554e-07
631.937 4.47664e-07 0 4.47664e-07
636.36 4.35135e-07 0 4.35135e-07
640.815 4.22956e-07 0 4.22956e-07
645.3 4.11118e-07 0 4.11118e-07
649.817 3.99612e-07 0 3.99612e-07
654.366 3.88427e-07 0 3.88427e-07
658.947 3.77556e-07 0 3.77556e-07
663.559 3.66988e-07 0 3.66988e-07
668.204 3.56717e-07 0 3.56717e-07
672.882 3.46733e-07 0 3.46733e-07
677.592 3.37028e-07 0 3.37028e-07
682.335 3.27595e-07 0 3.27595e-07
687.111 3.18426e-07 0 3.18426e-07
691.921 3.09513e-07 0 3.09513e-07
696.765 3.00839e-07 0 3.00839e-07
701.642 2.9242e-07 0 2.9242e-07
706.553 2.84235e-07 0 2.84235e-07
711.499 2.7628e-07 0 2.7628e-07
716.48 2.68548e-07 0 2.68548e-07
721.495 2.61031e-07 0 2.61031e-07
726.546 2.53725e-07 0 2.53725e-07
731.631 2.46624e-07 0 2.46624e-07
736.753 2.39721e-07 0 2.39721e-07
741.91 2.33012e-07 0 2.33012e-07
747.103 2.2649e-07 0 2.2649e-07
752.333 2.20151e-07 0 2.20151e-07
757.6 2.13989e-07 0 2.13989e-07
762.903 2.08e-07 0 2.08e-07
768.243 2.02178e-07 0 2.02178e-07
773.621 1.96519e-07 0 1.96519e-07
779.036 1.91012e-07 0 1.91012e-07
784.489 1.85666e-07 0 1.85666e-07
789.981 1.8047e-07 0 1.8047e-07
795.511 1.75419e-07 0 1.75419e-07
801.079 1.70509e-07 0 1.70509e-07
806.687 1.65737e-07 0 1.65737e-07
812.334 1.61098e-07 0 1.61098e-07
818.02 1.5659e-07 0 1.5659e-07
823.746 1.52207e-07 0 1.52207e-07
829.512 1.47947e-07 0 1.47947e-07
835.319 1.43806e-07 0 1.43806e-07
841.166 1.39781e-07 0 1.39781e-07
847.054 1.35869e-07 0 1.35869e-07
852.984 1.32066e-07 0 1.32066e-07
858.955 1.2837e-07 0 1.2837e-07
864.967 1.24777e-07 0 1.24777e-07
871.022 1.21285e-07 0 1.21285e-07
877.119 1.17886e-07 0 1.17886e-07
883.259 1.14587e-07 0 1.14587e-07
889.442 1.1138e-07 0 1.1138e-07
895.668 1.08263e-07 0 1.08263e-07
901.938 1.05233e-07 0 1.05233e-07
908.251 1.02287e-07 0 1.02287e-07
914.609 9.94247e-08 0 9.94247e-08
921.011 9.66421e-08 0 9.66421e-08
927.458 9.39373e-08 0 9.39373e-08
933.95 9.13082e-08 0 9.13082e-08
940.488 8.87527e-08 0 8.87527e-08
947.072 8.62687e-08 0 8.62687e-08
953.701 8.38543e-08 0 8.38543e-08
960.377 8.15074e-08 0 8.15074e-08
967.1 7.92262e-08 0 7.92262e-08
973.869 7.70088e-08 0 7.70088e-08
980.686 7.48508e-08 0 7.48508e-08
987.551 7.2756e-08 0 7.2756e-08
994.464 7.07199e-08 0 7.07199e-08
1001.43 6.87407e-08 0 6.87407e-08
1008.44 6.68169e-08 0 6.68169e-08
1015.49 6.49469e-08 0 6.49469e-08
1022.6 6.31293e-08 0 6.31293e-08
1029.76 6.13625e-08 0 6.13625e-08
1036.97 5.96452e-08 0 5.96452e-08
1044.23 5.79759e-08 0 5.79759e-08
1051.54 5.63534e-08 0 5.63534e-08
1058.9 5.47762e-08 0 5.47762e-08
1066.31 5.32432e-08 0 5.32432e-08
1073.77 5.17531e-08 0 5.17531e-08
1081.29 5.03047e-08 0 5.03047e-08
1088.86 4.88968e-08 0 4.88968e-08
1096.48 4.75284e-08 0 4.75284e-08
1104.16 4.61966e-08 0 4.61966e-08
1111.89 4.49038e-08 0 4.49038e-08
1119.67 4.36471e-08 0 4.36471e-08
1127.51 4.24256e-08 0 4.24256e-08
1135.4 4.12383e-08 0 4.12383e-08
1143.35 4.00843e-08 0 4.00843e-08
1151.35 3.89625e-08 0 3.89625e-08
1159.41 3.78721e-08 0 3.78721e-08
1167.53 3.68122e-08 0 3.68122e-08
1175.7 3.5782e-08 0 3.5782e-08
1183.93 3.47806e-08 0 3.47806e-08
1192.22 3.38073e-08 0 3.38073e-08
1200.56 3.28611e-08 0 3.28611e-08
1208.97 3.19415e-08 0 3.19415e-08
1217.43 3.10476e-08 0 3.10476e-08
1225.95 3.01787e-08 0 3.01787e-08
1234.53 2.93331e-08 0 2.93331e-08
1243.17 2.85122e-08 0 2.85122e-08
1251.88 2.77143e-08 0 2.77143e-08
1260.64 2.69388e-08 0 2.69388e-08
1269.46 2.61849e-08 0 2.61849e-08
1278.35 2.54521e-08 0 2.54521e-08
1287.3 2.47399e-08 0 2.47399e-08
1296.31 2.40475e-08 0 2.40475e-08
1305.38 2.33746e-08 0 2.33746e-08
1314.52 2.27205e-08 0 2.27205e-08
1323.72 2.20846e-08 0 2.20846e-08
1332.99 2.14666e-08 0 2.14666e-08
1342.32 2.08659e-08 0 2.08659e-08
1351.72 2.0282e-08 0 2.0282e-08
1361.18 1.97144e-08 0 1.97144e-08
1370.71 1.91627e-08 0 1.91627e-08
1380.3 1.86264e-08 0 1.86264e-08
1389.96 1.81045e-08 0 1.81045e-08
1399.69 1.75979e-08 0 1.75979e-08
1409.49 1.71055e-08 0 1.71055e-08
1419.36 1.66268e-08 0 1.66268e-08
1429.29 1.61615e-08 0 1.61615e-08
1439.3 1.57093e-08 0 1.57093e-08
1449.37 1.52697e-08 0 1.52697e-08
1459.52 1.48424e-08 0 1.48424e-08
1469.74 1.4427e-08 0 1.4427e-08
1480.02 1.40233e-08 0 1.40233e-08
1490.38 1.36309e-08 0 1.36309e-08
1500.82 1.32495e-08 0 1.32495e-08
1511.32 1.28787e-08 0 1.28787e-08
1521.9 1.25183e-08 0 1.25183e-08
1532.56 1.2168e-08 0 1.2168e-08
1543.28 1.18275e-08 0 1.18275e-08
1554.09 1.14961e-08 0 1.14961e-08
1564.97 1.11744e-08 0 1.11744e-08
1575.92 1.08618e-08 0 1.08618e-08
1586.95 1.05578e-08 0 1.05578e-08
1598.06 1.02624e-08 0 1.02624e-08
1609.25 9.97524e-09 0 9.97524e-09
1620.51 9.69611e-09 0 9.69611e-09
1631.85 9.42479e-09 0 9.42479e-09
1643.28 9.16107e-09 0 9.16107e-09
1654.78 8.90472e-09 0 8.90472e-09
1666.36 8.65555e-09 0 8.65555e-09
1678.03 8.41335e-09 0 8.41335e-09
1689.77 8.17792e-09 0 8.17792e-09
1701.6 7.94909e-09 0 7.94909e-09
1713.51 7.72666e-09 0 7.72666e-09
1725.51 7.51045e-09 0 7.51045e-09
1737.59 7.30029e-09 0 7.30029e-09
1749.75 7.09577e-09 0 7.09577e-09
1762 6.89722e-09 0 6.89722e-09
1774.33 6.70423e-09 0 6.70423e-09
1786.75 6.51664e-09 0 6.51664e-09
1799.26 6.3343e-09 0 6.3343e-09
1811.86 6.15706e-09 0 6.15706e-09
1824.54 5.98478e-09 0 5.98478e-09
1837.31 5.81733e-09 0 5.81733e-09
1850.17 5.65455e-09 0 5.65455e-09
1863.12 5.49633e-09 0 5.49633e-09
1876.16 5.34254e-09 0 5.34254e-09
1889.3 5.19305e-09 0 5.19305e-09
1902.52 5.04774e-09 0 5.04774e-09
1915.84 4.9065e-09 0 4.9065e-09
1929.25 4.76922e-09 0 4.76922e-09
1942.76 4.63577e-09 0 4.63577e-09
1956.36 4.5059e-09 0 4.5059e-09
1970.05 4.37982e-09 0 4.37982e-09
1983.84 4.25728e-09 0 4.25728e-09
1997.73 4.13816e-09 0 4.13816e-09
2011.71 4.02238e-09 0 4.02238e-09
2025.79 3.90984e-09 0 3.90984e-09
2039.97 3.80044e-09 0 3.80044e-09
2054.25 3.6941e-09 0 3.6941e-09
2068.63 3.59075e-09 0 3.59075e-09
2083.11 3.49028e-09 0 3.49028e-09
2097.7 3.39262e-09 0 3.39262e-09
2112.38 3.2977e-09 0 3.2977e-09
2127.17 3.20543e-09 0 3.20543e-09
2142.06 3.11574e-09 0 3.11574e-09
2157.05 3.02856e-09 0 3.02856e-09
2172.15 2.94383e-09 0 2.94383e-09
2187.35 2.86146e-09 0 2.86146e-09
2202.67 2.7813e-09 0 2.7813e-09
2218.08 2.70348e-09 0 2.70348e-09
2233.61 2.62785e-09 0 2.62785e-09
2249.25 2.55432e-09 0 2.55432e-09
2264.99 2.48286e-09 0 2.48286e-09
2280.85 2.41339e-09 0 2.41339e-09
2296.81 2.34587e-09 0 2.34587e-09
2312.89 2.28023e-09 0 2.28023e-09
2329.08 2.21644e-09 0 2.21644e-09
2345.38 2.15442e-09 0 2.15442e-09
2361.8 2.09415e-09 0 2.09415e-09
2378.33 2.03556e-09 0 2.03556e-09
2394.98 1.9786e-09 0 1.9786e-09
2411.75 1.92325e-09 0 1.92325e-09
2428.63 1.86944e-09 0 1.86944e-09
2445.63 1.81713e-09 0 1.81713e-09
2462.75 1.76623e-09 0 1.76623e-09
2479.99 1.71682e-09 0 1.71682e-09
2497.35 1.66879e-09 0 1.66879e-09
2514.83 1.6221e-09 0 1.6221e-09
2532.43 1.57672e-09 0 1.57672e-09
2550.16 1.5326e-09 0 1.5326e-09
2568.01 1.48973e-09 0 1.48973e-09
2585.99 1.44805e-09 0 1.44805e-09
2604.09 1.40754e-09 0 1.40754e-09
2622.32 1.36816e-09 0 1.36816e-09
2640.67 1.32988e-09 0 1.32988e-09
2659.16 1.29267e-09 0 1.29267e-09
2677.77 1.25651e-09 0 1.25651e-09
2696.52 1.22135e-09 0 1.22135e-09
2715.39 1.18718e-09 0 1.18718e-09
2734.4 1.15397e-09 0 1.15397e-09
2753.54 1.12168e-09 0 1.12168e-09
2772.82 1.09027e-09 0 1.09027e-09
2792.23 1.05976e-09 0 1.05976e-09
2811.77 1.03012e-09 0 1.03012e-09
2831.45 1.0013e-09 0 1.0013e-09
2851.28 9.73286e-10 0 9.73286e-10
