6.16687 0.999557 111.801 2.78804e-49
6.21004 0.999501 110.828 7.37829e-49
6.25351 0.999439 109.841 1.97964e-48
6.29728 0.99937 108.869 5.23149e-48
6.34136 0.999294 107.864 1.42812e-47
6.38575 0.99921 106.875 3.83973e-47
6.43045 0.999118 105.867 1.05274e-46
6.47546 0.999016 104.857 2.88916e-46
6.52079 0.998904 103.837 8.00976e-46
6.56644 0.998781 102.812 2.2319e-45
6.6124 0.998647 101.785 6.23064e-45
6.65869 0.998499 100.747 1.75926e-44
6.7053 0.998339 99.7004 5.01123e-44
6.75224 0.998163 98.6634 1.41333e-43
6.7995 0.997973 97.6103 4.05036e-43
6.8471 0.997765 96.5465 1.17335e-42
6.89503 0.99754 95.4742 3.42771e-42
6.9433 0.997295 94.4006 1.00272e-41
6.9919 0.99703 93.3294 2.92589e-41
7.04084 0.996744 92.2527 8.58483e-41
7.09013 0.996435 91.1678 2.53966e-40
7.13976 0.996101 90.0752 7.57056e-40
7.18974 0.995742 88.9769 2.26977e-39
7.24007 0.995356 87.8744 6.83291e-39
7.29075 0.99494 86.7672 2.06671e-38
7.34178 0.994494 85.6548 6.28369e-38
7.39317 0.994016 84.5357 1.92319e-37
7.44493 0.993505 83.4094 5.92822e-37
7.49704 0.992958 82.2769 1.83884e-36
7.54952 0.992373 81.1499 5.67154e-36
7.60237 0.99175 80.0226 1.74994e-35
7.65558 0.991085 78.8886 5.43558e-35
7.70917 0.990378 77.7439 1.7063e-34
7.76314 0.989626 76.5886 5.41349e-34
7.81748 0.988826 75.447 1.694e-33
7.8722 0.987978 74.2954 5.35375e-33
7.92731 0.98708 73.139 1.70009e-32
7.9828 0.986129 71.9755 5.4371e-32
8.03868 0.985124 70.815 1.73352e-31
8.09495 0.984061 69.6582 5.5062e-31
8.15161 0.98294 68.4803 1.78618e-30
8.20867 0.981757 67.3252 5.66306e-30
8.26613 0.980512 66.1442 1.84236e-29
8.324 0.979201 64.9791 5.89933e-29
8.38226 0.977823 63.8073 1.9015e-28
8.44094 0.976376 62.6263 6.18524e-28
8.50003 0.974857 61.4605 1.9815e-27
8.55953 0.973265 60.2813 6.433e-27
8.61944 0.971598 59.0974 2.09809e-26
8.67978 0.969853 57.9266 6.75317e-26
8.74054 0.968026 56.7524 2.1808e-25
8.80172 0.966121 55.5794 7.0343e-25
8.86333 0.964132 54.4047 2.2723e-24
8.92538 0.962059 53.2282 7.35374e-24
8.98786 0.959899 52.0541 2.37361e-23
9.05077 0.95765 50.884 7.63098e-23
9.11413 0.955311 49.7168 2.44565e-22
9.17792 0.952881 48.5507 7.82984e-22
9.24217 0.950357 47.3845 2.50658e-21
9.30687 0.947738 46.2265 7.95725e-21
9.37201 0.945024 45.0637 2.53824e-20
9.43762 0.942211 43.9137 7.99265e-20
9.50368 0.9393 42.7654 2.51201e-19
9.57021 0.936289 41.626 7.82481e-19
9.6372 0.933178 40.4796 2.45416e-18
9.70466 0.929964 39.3491 7.5747e-18
9.77259 0.926648 38.2259 2.32075e-17
9.841 0.923222 37.103 7.10653e-17
9.90989 0.919698 35.9926 2.14907e-16
9.97926 0.916069 34.8809 6.50639e-16
10.0491 0.912335 33.7861 1.93662e-15
10.1195 0.908495 32.6955 5.73894e-15
10.1903 0.90455 31.614 1.6851e-14
10.2616 0.900498 30.5467 4.87773e-14
10.3335 0.89634 29.4845 1.40444e-13
10.4058 0.892076 28.4318 4.0053e-13
10.4786 0.887707 27.3951 1.12389e-12
10.552 0.883231 26.3689 3.12037e-12
10.6258 0.878651 25.3559 8.54829e-12
10.7002 0.873966 24.3523 2.31967e-11
10.7751 0.869178 23.3654 6.18948e-11
10.8506 0.864286 22.3915 1.62991e-10
10.9265 0.859292 21.434 4.22153e-10
11.003 0.854188 20.4888 1.0799e-09
11.08 0.848993 19.5663 2.70013e-09
11.1576 0.843698 18.6552 6.67356e-09
11.2357 0.838306 17.7599 1.62316e-08
11.3143 0.832817 16.8876 3.85791e-08
11.3935 0.827233 16.0361 8.97904e-08
11.4733 0.821556 15.2005 2.05652e-07
11.5536 0.815788 14.3858 4.61209e-07
11.6345 0.809929 13.5933 1.01149e-06
11.7159 0.803983 12.82 2.17565e-06
11.7979 0.797951 12.0696 4.57328e-06
11.8805 0.791835 11.3413 9.40118e-06
11.9637 0.785637 10.64 1.88081e-05
12.0474 0.779359 9.96044 3.68106e-05
12.1317 0.773004 9.30276 7.04766e-05
12.2167 0.766575 8.67403 0.000131061
12.3022 0.760073 8.06674 0.000238513
12.3883 0.753491 7.48908 0.000421319
12.475 0.746851 6.93389 0.000727589
12.5623 0.740147 6.40613 0.00122228
12.6503 0.733381 5.90458 0.00199987
12.7388 0.726555 5.42808 0.00319069
12.828 0.719672 4.9775 0.00495944
12.9178 0.712736 4.55268 0.00751148
13.0082 0.705748 4.15351 0.0110867
13.0993 0.698711 3.77918 0.0159596
13.191 0.69163 3.4302 0.0223953
13.2833 0.684506 3.10494 0.0306844
13.3763 0.677342 2.80245 0.0410884
13.4699 0.670141 2.52151 0.053838
13.5642 0.662907 2.26422 0.0688833
13.6592 0.655642 2.02713 0.0863567
13.7548 0.648349 1.80926 0.106184
13.8511 0.641019 1.61093 0.128013
13.948 0.63368 1.43021 0.151614
14.0457 0.626321 1.26571 0.176647
14.144 0.618946 1.11743 0.202468
14.243 0.611558 0.984187 0.228566
14.3427 0.604159 0.864234 0.254577
14.4431 0.596753 0.75675 0.27999
14.5442 0.589343 0.66087 0.304337
14.646 0.58193 0.575484 0.327296
14.7485 0.574518 0.49948 0.348644
14.8518 0.56711 0.432878 0.36785
14.9557 0.559708 0.374096 0.385029
15.0604 0.552315 0.322156 0.4002
15.1658 0.544934 0.276905 0.413129
15.272 0.537567 0.237226 0.42404
15.3789 0.530217 0.202838 0.432874
15.4866 0.522886 0.172824 0.439896
15.595 0.515566 0.146831 0.44516
15.7041 0.508281 0.124519 0.448772
15.8141 0.501022 0.105246 0.450972
15.9248 0.493792 0.0887019 0.451878
16.0362 0.486593 0.074527 0.451647
16.1485 0.479427 0.0623833 0.450433
16.2615 0.472296 0.0521153 0.448312
16.3753 0.465202 0.0434023 0.445443
16.49 0.458147 0.0360023 0.441946
16.6054 0.451133 0.0297728 0.4379
16.7216 0.444163 0.0245295 0.4334
16.8387 0.437236 0.0201459 0.428516
16.9566 0.430357 0.0164732 0.423325
17.0753 0.423525 0.0134143 0.417881
17.1948 0.416743 0.0108947 0.412227
17.3152 0.410012 0.0088066 0.406417
17.4364 0.403324 0.00708829 0.400475
17.5584 0.3967 0.00567679 0.394454
17.6813 0.390132 0.00453001 0.388369
17.8051 0.38362 0.00360054 0.382242
17.9297 0.377167 0.00284495 0.376095
18.0552 0.370772 0.00224 0.369943
18.1816 0.364438 0.00175327 0.3638
18.3089 0.358165 0.00136823 0.357675
18.4371 0.351954 0.0010608 0.351581
18.5661 0.345806 0.000819514 0.345523
18.6961 0.339722 0.000629818 0.339508
18.8269 0.333703 0.000481125 0.333542
18.9587 0.327749 0.000367358 0.327629
19.0914 0.321862 0.000278339 0.321772
19.2251 0.316041 0.000210143 0.315974
19.3597 0.310287 0.000157928 0.310238
19.4952 0.304602 0.000117841 0.304566
19.6316 0.298976 8.74949e-05 0.29895
19.7691 0.293428 6.47626e-05 0.293409
19.9075 0.287949 4.75215e-05 0.287935
20.0468 0.282539 3.46213e-05 0.282529
20.1871 0.277199 2.50314e-05 0.277192
20.3284 0.271929 1.80553e-05 0.271924
20.4707 0.266728 1.28584e-05 0.266725
20.614 0.261598 9.07771e-06 0.261596
20.7583 0.256538 6.32494e-06 0.256536
20.9036 0.251548 4.34081e-06 0.251547
21.05 0.246629 2.93417e-06 0.246628
21.1973 0.241779 1.94288e-06 0.241779
21.3457 0.237 1.25276e-06 0.237
21.4951 0.232291 7.82769e-07 0.232291
21.6456 0.227651 4.6726e-07 0.227651
21.7971 0.223081 2.58139e-07 0.223081
21.9497 0.218574 1.25968e-07 0.218574
22.1033 0.214143 4.82026e-08 0.214143
22.2581 0.209781 6.50045e-09 0.209781
22.4139 0.205487 0 0.205487
22.5708 0.201262 0 0.201262
22.7288 0.197104 0 0.197104
22.8879 0.193014 0 0.193014
23.0481 0.18899 0 0.18899
23.2094 0.185033 0 0.185033
23.3719 0.181143 0 0.181143
23.5355 0.177317 0 0.177317
23.7002 0.173557 0 0.173557
23.8661 0.169861 0 0.169861
24.0332 0.16623 0 0.16623
24.2014 0.162661 0 0.162661
24.3708 0.159156 0 0.159156
24.5414 0.155712 0 0.155712
24.7132 0.152326 0 0.152326
24.8862 0.149005 0 0.149005
25.0604 0.145745 0 0.145745
25.2358 0.142544 0 0.142544
25.4125 0.139403 0 0.139403
25.5904 0.13632 0 0.13632
25.7695 0.133294 0 0.133294
25.9499 0.130326 0 0.130326
26.1315 0.127413 0 0.127413
26.3145 0.124556 0 0.124556
26.4987 0.121755 0 0.121755
26.6842 0.119007 0 0.119007
26.8709 0.116313 0 0.116313
27.059 0.113671 0 0.113671
27.2485 0.111082 0 0.111082
27.4392 0.108543 0 0.108543
27.6313 0.106052 0 0.106052
27.8247 0.103614 0 0.103614
28.0195 0.101226 0 0.101226
28.2156 0.0988856 0 0.0988856
28.4131 0.0965931 0 0.0965931
28.612 0.0943475 0 0.0943475
28.8123 0.0921481 0 0.0921481
29.014 0.0899942 0 0.0899942
29.2171 0.087885 0 0.087885
29.4216 0.0858198 0 0.0858198
29.6275 0.083798 0 0.083798
29.8349 0.0818188 0 0.0818188
30.0438 0.0798815 0 0.0798815
30.2541 0.0779854 0 0.0779854
30.4659 0.0761299 0 0.0761299
30.6791 0.0743141 0 0.0743141
30.8939 0.0725375 0 0.0725375
31.1101 0.0707968 0 0.0707968
31.3279 0.0690966 0 0.0690966
31.5472 0.0674334 0 0.0674334
31.768 0.0658067 0 0.0658067
31.9904 0.0642158 0 0.0642158
32.2143 0.0626599 0 0.0626599
32.4398 0.0611386 0 0.0611386
32.6669 0.059651 0 0.059651
32.8956 0.0581967 0 0.0581967
33.1259 0.0567749 0 0.0567749
33.3577 0.0553852 0 0.0553852
33.5912 0.0540267 0 0.0540267
33.8264 0.052699 0 0.052699
34.0632 0.0514015 0 0.0514015
34.3016 0.0501335 0 0.0501335
34.5417 0.0488945 0 0.0488945
34.7835 0.0476822 0 0.0476822
35.027 0.0464996 0 0.0464996
35.2722 0.0453442 0 0.0453442
35.5191 0.0442156 0 0.0442156
35.7677 0.0431132 0 0.0431132
36.0181 0.0420364 0 0.0420364
36.2702 0.0409848 0 0.0409848
36.5241 0.0399578 0 0.0399578
36.7798 0.0389549 0 0.0389549
37.0372 0.0379757 0 0.0379757
37.2965 0.0370195 0 0.0370195
37.5576 0.0360859 0 0.0360859
37.8205 0.0351745 0 0.0351745
38.0852 0.0342848 0 0.0342848
38.3518 0.0334163 0 0.0334163
38.6203 0.0325686 0 0.0325686
38.8906 0.0317411 0 0.0317411
39.1629 0.0309325 0 0.0309325
39.437 0.0301444 0 0.0301444
39.7131 0.0293754 0 0.0293754
39.991 0.028625 0 0.028625
40.271 0.0278928 0 0.0278928
40.5529 0.0271783 0 0.0271783
40.8368 0.0264813 0 0.0264813
41.1226 0.0258012 0 0.0258012
41.4105 0.0251378 0 0.0251378
41.7003 0.0244906 0 0.0244906
41.9922 0.0238593 0 0.0238593
42.2862 0.0232436 0 0.0232436
42.5822 0.022643 0 0.022643
42.8803 0.0220573 0 0.0220573
43.1804 0.021486 0 0.021486
43.4827 0.0209289 0 0.0209289
43.7871 0.0203849 0 0.0203849
44.0936 0.0198552 0 0.0198552
44.4022 0.0193387 0 0.0193387
44.713 0.0188351 0 0.0188351
45.026 0.0183441 0 0.0183441
45.3412 0.0178654 0 0.0178654
45.6586 0.0173987 0 0.0173987
45.9782 0.0169437 0 0.0169437
46.3001 0.0165002 0 0.0165002
46.6242 0.0160679 0 0.0160679
46.9505 0.0156465 0 0.0156465
47.2792 0.0152357 0 0.0152357
47.6101 0.0148354 0 0.0148354
47.9434 0.0144452 0 0.0144452
48.279 0.0140649 0 0.0140649
48.617 0.0136943 0 0.0136943
48.9573 0.0133332 0 0.0133332
49.3 0.0129808 0 0.0129808
49.6451 0.0126379 0 0.0126379
49.9926 0.0123037 0 0.0123037
50.3426 0.0119782 0 0.0119782
50.695 0.0116609 0 0.0116609
51.0498 0.0113519 0 0.0113519
51.4072 0.0110507 0 0.0110507
51.767 0.0107574 0 0.0107574
52.1294 0.0104716 0 0.0104716
52.4943 0.0101931 0 0.0101931
52.8618 0.00992191 0 0.00992191
53.2318 0.0096577 0 0.0096577
53.6044 0.00940034 0 0.00940034
53.9796 0.00914966 0 0.00914966
54.3575 0.00890548 0 0.00890548
54.738 0.00866766 0 0.00866766
55.1212 0.00843569 0 0.00843569
55.507 0.00821012 0 0.00821012
55.8956 0.00799042 0 0.00799042
56.2868 0.00777647 0 0.00777647
56.6808 0.0075681 0 0.0075681
57.0776 0.00736519 0 0.00736519
57.4772 0.00716759 0 0.00716759
57.8795 0.00697517 0 0.00697517
58.2846 0.0067878 0 0.0067878
58.6926 0.00660536 0 0.00660536
59.1035 0.00642771 0 0.00642771
59.5172 0.00625473 0 0.00625473
59.9338 0.00608631 0 0.00608631
60.3534 0.00592233 0 0.00592233
60.7758 0.00576268 0 0.00576268
61.2013 0.00560725 0 0.00560725
61.6297 0.00545593 0 0.00545593
62.0611 0.0053084 0 0.0053084
62.4955 0.005165 0 0.005165
62.933 0.00502539 0 0.00502539
63.3735 0.00488949 0 0.00488949
63.8171 0.0047572 0 0.0047572
64.2639 0.00462841 0 0.00462841
64.7137 0.00450306 0 0.00450306
65.1667 0.00438104 0 0.00438104
65.6229 0.00426226 0 0.00426226
66.0822 0.00414665 0 0.00414665
66.5448 0.00403413 0 0.00403413
67.0106 0.00392461 0 0.00392461
67.4797 0.00381801 0 0.00381801
67.952 0.00371426 0 0.00371426
68.4277 0.00361328 0 0.00361328
68.9067 0.00351501 0 0.00351501
69.389 0.00341924 0 0.00341924
69.8748 0.00332617 0 0.00332617
70.3639 0.00323559 0 0.00323559
70.8564 0.00314745 0 0.00314745
71.3524 0.00306167 0 0.00306167
71.8519 0.0029782 0 0.0029782
72.3549 0.00289697 0 0.00289697
72.8614 0.00281792 0 0.00281792
73.3714 0.00274101 0 0.00274101
73.885 0.00266616 0 0.00266616
74.4022 0.00259333 0 0.00259333
74.923 0.00252246 0 0.00252246
75.4475 0.00245351 0 0.00245351
75.9756 0.00238641 0 0.00238641
76.5074 0.00232113 0 0.00232113
77.043 0.00225761 0 0.00225761
77.5823 0.00219581 0 0.00219581
78.1253 0.0021356 0 0.0021356
78.6722 0.0020771 0 0.0020771
79.2229 0.00202019 0 0.00202019
79.7775 0.00196481 0 0.00196481
80.3359 0.00191094 0 0.00191094
80.8983 0.00185853 0 0.00185853
81.4646 0.00180754 0 0.00180754
82.0348 0.00175794 0 0.00175794
82.6091 0.00170968 0 0.00170968
83.1873 0.00166273 0 0.00166273
83.7696 0.00161706 0 0.00161706
84.356 0.00157263 0 0.00157263
84.9465 0.00152941 0 0.00152941
85.5411 0.00148736 0 0.00148736
86.1399 0.00144646 0 0.00144646
86.7429 0.00140667 0 0.00140667
87.3501 0.00136791 0 0.00136791
87.9616 0.00133027 0 0.00133027
88.5773 0.00129365 0 0.00129365
89.1973 0.00125803 0 0.00125803
89.8217 0.00122339 0 0.00122339
90.4505 0.00118968 0 0.00118968
91.0836 0.0011569 0 0.0011569
91.7212 0.00112502 0 0.00112502
92.3633 0.001094 0 0.001094
93.0098 0.00106384 0 0.00106384
93.6609 0.00103449 0 0.00103449
94.3165 0.00100596 0 0.00100596
94.9767 0.000978199 0 0.000978199
95.6415 0.000951201 0 0.000951201
96.311 0.000924942 0 0.000924942
96.9852 0.000899403 0 0.000899403
97.6641 0.000874564 0 0.000874564
98.3478 0.000850374 0 0.000850374
99.0362 0.00082688 0 0.00082688
99.7294 0.000804031 0 0.000804031
100.428 0.000781809 0 0.000781809
101.131 0.000760197 0 0.000760197
101.838 0.000739178 0 0.000739178
102.551 0.000718736 0 0.000718736
103.269 0.000698856 0 0.000698856
103.992 0.000679522 0 0.000679522
104.72 0.00066072 0 0.00066072
105.453 0.000642434 0 0.000642434
106.191 0.000624651 0 0.000624651
106.935 0.000607358 0 0.000607358
107.683 0.00059054 0 0.00059054
108.437 0.000574185 0 0.000574185
109.196 0.000558281 0 0.000558281
109.96 0.000542793 0 0.000542793
110.73 0.000527754 0 0.000527754
111.505 0.000513129 0 0.000513129
112.286 0.000498907 0 0.000498907
113.072 0.000485078 0 0.000485078
113.863 0.000471629 0 0.000471629
114.66 0.000458551 0 0.000458551
115.463 0.000445834 0 0.000445834
116.271 0.000433468 0 0.000433468
117.085 0.000421443 0 0.000421443
117.905 0.00040975 0 0.00040975
118.73 0.00039838 0 0.00039838
119.561 0.000387324 0 0.000387324
120.398 0.000376573 0 0.000376573
121.241 0.000366119 0 0.000366119
122.089 0.000355954 0 0.000355954
122.944 0.00034607 0 0.00034607
123.805 0.000336446 0 0.000336446
124.671 0.000327102 0 0.000327102
125.544 0.000318016 0 0.000318016
126.423 0.000309181 0 0.000309181
127.308 0.000300591 0 0.000300591
128.199 0.000292238 0 0.000292238
129.096 0.000284117 0 0.000284117
130 0.00027622 0 0.00027622
130.91 0.000268542 0 0.000268542
131.826 0.000261076 0 0.000261076
132.749 0.000253817 0 0.000253817
133.678 0.00024676 0 0.00024676
134.614 0.000239897 0 0.000239897
135.556 0.000233225 0 0.000233225
136.505 0.000226738 0 0.000226738
137.461 0.00022043 0 0.00022043
138.423 0.000214289 0 0.000214289
139.392 0.000208327 0 0.000208327
140.368 0.00020253 0 0.00020253
141.35 0.000196894 0 0.000196894
142.34 0.000191414 0 0.000191414
143.336 0.000186087 0 0.000186087
144.34 0.000180907 0 0.000180907
145.35 0.00017587 0 0.00017587
146.367 0.000170974 0 0.000170974
147.392 0.000166213 0 0.000166213
148.424 0.000161585 0 0.000161585
149.463 0.000157085 0 0.000157085
150.509 0.00015271 0 0.00015271
151.562 0.000148456 0 0.000148456
152.623 0.000144321 0 0.000144321
153.692 0.0001403 0 0.0001403
154.768 0.000136391 0 0.000136391
155.851 0.000132586 0 0.000132586
156.942 0.000128892 0 0.000128892
158.041 0.0001253 0 0.0001253
159.147 0.000121808 0 0.000121808
160.261 0.000118413 0 0.000118413
161.383 0.000115113 0 0.000115113
162.512 0.000111904 0 0.000111904
163.65 0.000108785 0 0.000108785
164.795 0.000105752 0 0.000105752
165.949 0.000102803 0 0.000102803
167.111 9.99369e-05 0 9.99369e-05
168.28 9.71502e-05 0 9.71502e-05
169.458 9.44411e-05 0 9.44411e-05
170.645 9.18073e-05 0 9.18073e-05
171.839 8.92468e-05 0 8.92468e-05
173.042 8.67575e-05 0 8.67575e-05
174.253 8.43343e-05 0 8.43343e-05
175.473 8.19819e-05 0 8.19819e-05
176.701 7.9695e-05 0 7.9695e-05
177.938 7.74717e-05 0 7.74717e-05
179.184 7.53103e-05 0 7.53103e-05
180.438 7.32091e-05 0 7.32091e-05
181.701 7.11664e-05 0 7.11664e-05
182.973 6.91806e-05 0 6.91806e-05
184.254 6.72501e-05 0 6.72501e-05
185.544 6.53733e-05 0 6.53733e-05
186.843 6.35488e-05 0 6.35488e-05
188.15 6.17752e-05 0 6.17752e-05
189.467 6.00509e-05 0 6.00509e-05
190.794 5.83747e-05 0 5.83747e-05
192.129 5.67452e-05 0 5.67452e-05
193.474 5.51611e-05 0 5.51611e-05
194.829 5.36211e-05 0 5.36211e-05
196.192 5.21221e-05 0 5.21221e-05
197.566 5.06669e-05 0 5.06669e-05
198.949 4.92523e-05 0 4.92523e-05
200.341 4.78771e-05 0 4.78771e-05
201.744 4.65403e-05 0 4.65403e-05
203.156 4.52407e-05 0 4.52407e-05
204.578 4.39773e-05 0 4.39773e-05
206.01 4.27492e-05 0 4.27492e-05
207.452 4.15553e-05 0 4.15553e-05
208.904 4.03947e-05 0 4.03947e-05
210.367 3.92665e-05 0 3.92665e-05
211.839 3.81697e-05 0 3.81697e-05
213.322 3.71035e-05 0 3.71035e-05
214.815 3.60671e-05 0 3.60671e-05
216.319 3.50595e-05 0 3.50595e-05
217.833 3.40801e-05 0 3.40801e-05
219.358 3.31267e-05 0 3.31267e-05
220.894 3.22013e-05 0 3.22013e-05
222.44 3.13017e-05 0 3.13017e-05
223.997 3.04271e-05 0 3.04271e-05
225.565 2.9577e-05 0 2.9577e-05
227.144 2.87506e-05 0 2.87506e-05
228.734 2.79472e-05 0 2.79472e-05
230.335 2.71663e-05 0 2.71663e-05
231.947 2.64072e-05 0 2.64072e-05
233.571 2.56692e-05 0 2.56692e-05
235.206 2.49519e-05 0 2.49519e-05
236.852 2.42545e-05 0 2.42545e-05
238.51 2.35767e-05 0 2.35767e-05
240.18 2.29177e-05 0 2.29177e-05
241.861 2.22772e-05 0 2.22772e-05
243.554 2.16545e-05 0 2.16545e-05
245.259 2.10493e-05 0 2.10493e-05
246.976 2.04601e-05 0 2.04601e-05
248.705 1.98882e-05 0 1.98882e-05
250.446 1.93323e-05 0 1.93323e-05
252.199 1.87919e-05 0 1.87919e-05
253.964 1.82666e-05 0 1.82666e-05
255.742 1.7756e-05 0 1.7756e-05
257.532 1.72596e-05 0 1.72596e-05
259.335 1.67771e-05 0 1.67771e-05
261.15 1.6308e-05 0 1.6308e-05
262.978 1.58521e-05 0 1.58521e-05
264.819 1.54089e-05 0 1.54089e-05
266.673 1.49781e-05 0 1.49781e-05
268.54 1.45593e-05 0 1.45593e-05
270.419 1.41522e-05 0 1.41522e-05
272.312 1.37565e-05 0 1.37565e-05
274.218 1.33718e-05 0 1.33718e-05
276.138 1.29974e-05 0 1.29974e-05
278.071 1.2634e-05 0 1.2634e-05
280.017 1.22807e-05 0 1.22807e-05
281.978 1.19373e-05 0 1.19373e-05
283.951 1.16035e-05 0 1.16035e-05
285.939 1.1279e-05 0 1.1279e-05
287.941 1.09636e-05 0 1.09636e-05
289.956 1.0657e-05 0 1.0657e-05
291.986 1.03589e-05 0 1.03589e-05
294.03 1.00692e-05 0 1.00692e-05
296.088 9.7876e-06 0 9.7876e-06
298.161 9.51386e-06 0 9.51386e-06
300.248 9.24777e-06 0 9.24777e-06
302.349 8.98911e-06 0 8.98911e-06
304.466 8.73769e-06 0 8.73769e-06
306.597 8.49329e-06 0 8.49329e-06
308.743 8.25572e-06 0 8.25572e-06
310.905 8.0245e-06 0 8.0245e-06
313.081 7.80005e-06 0 7.80005e-06
315.272 7.58188e-06 0 7.58188e-06
317.479 7.3698e-06 0 7.3698e-06
319.702 7.16365e-06 0 7.16365e-06
321.94 6.96327e-06 0 6.96327e-06
324.193 6.76848e-06 0 6.76848e-06
326.463 6.57914e-06 0 6.57914e-06
328.748 6.3951e-06 0 6.3951e-06
331.049 6.2162e-06 0 6.2162e-06
333.366 6.0423e-06 0 6.0423e-06
335.7 5.87327e-06 0 5.87327e-06
338.05 5.70896e-06 0 5.70896e-06
340.416 5.54924e-06 0 5.54924e-06
342.799 5.39399e-06 0 5.39399e-06
345.199 5.24308e-06 0 5.24308e-06
347.615 5.0962e-06 0 5.0962e-06
350.048 4.95363e-06 0 4.95363e-06
352.499 4.81504e-06 0 4.81504e-06
354.966 4.68033e-06 0 4.68033e-06
357.451 4.54939e-06 0 4.54939e-06
359.953 4.42211e-06 0 4.42211e-06
362.473 4.29838e-06 0 4.29838e-06
365.01 4.17812e-06 0 4.17812e-06
367.565 4.06122e-06 0 4.06122e-06
370.138 3.94759e-06 0 3.94759e-06
372.729 3.83714e-06 0 3.83714e-06
375.338 3.72977e-06 0 3.72977e-06
377.966 3.62541e-06 0 3.62541e-06
380.611 3.52397e-06 0 3.52397e-06
383.276 3.42536e-06 0 3.42536e-06
385.959 3.32952e-06 0 3.32952e-06
388.66 3.23635e-06 0 3.23635e-06
391.381 3.14568e-06 0 3.14568e-06
394.121 3.05766e-06 0 3.05766e-06
396.879 2.9721e-06 0 2.9721e-06
399.658 2.88894e-06 0 2.88894e-06
402.455 2.8081e-06 0 2.8081e-06
405.272 2.72952e-06 0 2.72952e-06
408.109 2.65314e-06 0 2.65314e-06
410.966 2.5789e-06 0 2.5789e-06
413.843 2.50673e-06 0 2.50673e-06
416.74 2.43659e-06 0 2.43659e-06
419.657 2.3684e-06 0 2.3684e-06
422.594 2.30213e-06 0 2.30213e-06
425.553 2.2377e-06 0 2.2377e-06
428.531 2.17508e-06 0 2.17508e-06
431.531 2.11421e-06 0 2.11421e-06
434.552 2.05505e-06 0 2.05505e-06
437.594 1.99746e-06 0 1.99746e-06
440.657 1.94156e-06 0 1.94156e-06
443.742 1.88723e-06 0 1.88723e-06
446.848 1.83442e-06 0 1.83442e-06
449.976 1.78308e-06 0 1.78308e-06
453.126 1.73318e-06 0 1.73318e-06
456.297 1.68468e-06 0 1.68468e-06
459.491 1.63753e-06 0 1.63753e-06
462.708 1.59171e-06 0 1.59171e-06
465.947 1.54716e-06 0 1.54716e-06
469.208 1.50386e-06 0 1.50386e-06
472.493 1.46178e-06 0 1.46178e-06
475.8 1.42087e-06 0 1.42087e-06
479.131 1.3811e-06 0 1.3811e-06
482.485 1.34245e-06 0 1.34245e-06
485.862 1.30488e-06 0 1.30488e-06
489.263 1.26836e-06 0 1.26836e-06
492.688 1.23281e-06 0 1.23281e-06
496.137 1.19831e-06 0 1.19831e-06
499.61 1.16478e-06 0 1.16478e-06
503.107 1.13218e-06 0 1.13218e-06
506.629 1.10049e-06 0 1.10049e-06
510.175 1.06969e-06 0 1.06969e-06
513.747 1.03976e-06 0 1.03976e-06
517.343 1.01066e-06 0 1.01066e-06
520.964 9.82371e-07 0 9.82371e-07
524.611 9.54877e-07 0 9.54877e-07
528.283 9.28152e-07 0 9.28152e-07
531.981 9.02175e-07 0 9.02175e-07
535.705 8.76925e-07 0 8.76925e-07
539.455 8.52382e-07 0 8.52382e-07
543.231 8.28525e-07 0 8.28525e-07
547.034 8.05336e-07 0 8.05336e-07
550.863 7.82767e-07 0 7.82767e-07
554.719 7.60859e-07 0 7.60859e-07
558.602 7.39565e-07 0 7.39565e-07
562.512 7.18866e-07 0 7.18866e-07
566.45 6.98747e-07 0 6.98747e-07
570.415 6.79191e-07 0 6.79191e-07
574.408 6.60182e-07 0 6.60182e-07
578.429 6.41704e-07 0 6.41704e-07
582.478 6.23744e-07 0 6.23744e-07
586.555 6.06287e-07 0 6.06287e-07
590.661 5.89318e-07 0 5.89318e-07
594.796 5.72823e-07 0 5.72823e-07
598.959 5.56791e-07 0 5.56791e-07
603.152 5.41207e-07 0 5.41207e-07
607.374 5.26059e-07 0 5.26059e-07
611.626 5.11335e-07 0 5.11335e-07
615.907 4.97023e-07 0 4.97023e-07
620.218 4.83095e-07 0 4.83095e-07
624.56 4.69574e-07 0 4.69574e-07
628.932 4.56432e-07 0 4.56432e-07
633.334 4.43657e-07 0 4.43657e-07
637.768 4.3124e-07 0 4.3124e-07
642.232 4.1917e-07 0 4.1917e-07
646.728 4.07438e-07 0 4.07438e-07
651.255 3.96035e-07 0 3.96035e-07
655.814 3.8495e-07 0 3.8495e-07
660.404 3.74176e-07 0 3.74176e-07
665.027 3.63703e-07 0 3.63703e-07
669.682 3.53524e-07 0 3.53524e-07
674.37 3.43629e-07 0 3.43629e-07
679.091 3.34011e-07 0 3.34011e-07
683.844 3.24662e-07 0 3.24662e-07
688.631 3.15575e-07 0 3.15575e-07
693.452 3.06731e-07 0 3.06731e-07
698.306 2.98146e-07 0 2.98146e-07
703.194 2.89802e-07 0 2.89802e-07
708.116 2.81691e-07 0 2.81691e-07
713.073 2.73807e-07 0 2.73807e-07
718.065 2.66144e-07 0 2.66144e-07
723.091 2.58695e-07 0 2.58695e-07
728.153 2.51454e-07 0 2.51454e-07
733.25 2.44416e-07 0 2.44416e-07
738.383 2.37575e-07 0 2.37575e-07
743.551 2.30926e-07 0 2.30926e-07
748.756 2.24463e-07 0 2.24463e-07
753.997 2.1818e-07 0 2.1818e-07
759.275 2.12074e-07 0 2.12074e-07
764.59 2.06138e-07 0 2.06138e-07
769.942 2.00368e-07 0 2.00368e-07
775.332 1.9476e-07 0 1.9476e-07
780.759 1.89302e-07 0 1.89302e-07
786.225 1.84004e-07 0 1.84004e-07
791.728 1.78854e-07 0 1.78854e-07
797.27 1.73849e-07 0 1.73849e-07
802.851 1.68983e-07 0 1.68983e-07
808.471 1.64253e-07 0 1.64253e-07
814.131 1.59656e-07 0 1.59656e-07
819.829 1.55188e-07 0 1.55188e-07
825.568 1.50844e-07 0 1.50844e-07
831.347 1.46623e-07 0 1.46623e-07
837.167 1.42519e-07 0 1.42519e-07
843.027 1.3853e-07 0 1.3853e-07
848.928 1.34653e-07 0 1.34653e-07
854.871 1.30884e-07 0 1.30884e-07
860.855 1.27221e-07 0 1.27221e-07
866.881 1.2366e-07 0 1.2366e-07
872.949 1.20195e-07 0 1.20195e-07
879.059 1.16831e-07 0 1.16831e-07
885.213 1.13561e-07 0 1.13561e-07
891.409 1.10383e-07 0 1.10383e-07
897.649 1.07293e-07 0 1.07293e-07
903.933 1.04291e-07 0 1.04291e-07
910.26 1.01372e-07 0 1.01372e-07
916.632 9.85347e-08 0 9.85347e-08
923.048 9.5777e-08 0 9.5777e-08
929.51 9.30964e-08 0 9.30964e-08
936.016 9.04909e-08 0 9.04909e-08
942.568 8.79582e-08 0 8.79582e-08
949.166 8.54965e-08 0 8.54965e-08
955.811 8.31037e-08 0 8.31037e-08
962.501 8.07778e-08 0 8.07778e-08
969.239 7.8517e-08 0 7.8517e-08
976.024 7.63195e-08 0 7.63195e-08
982.856 7.41808e-08 0 7.41808e-08
989.736 7.21048e-08 0 7.21048e-08
996.664 7.00869e-08 0 7.00869e-08
1003.64 6.81254e-08 0 6.81254e-08
1010.67 6.62188e-08 0 6.62188e-08
1017.74 6.43656e-08 0 6.43656e-08
1024.86 6.25642e-08 0 6.25642e-08
1032.04 6.08132e-08 0 6.08132e-08
1039.26 5.91113e-08 0 5.91113e-08
1046.54 5.7457e-08 0 5.7457e-08
1053.86 5.58489e-08 0 5.58489e-08
1061.24 5.42859e-08 0 5.42859e-08
1068.67 5.27666e-08 0 5.27666e-08
1076.15 5.12899e-08 0 5.12899e-08
1083.68 4.98544e-08 0 4.98544e-08
1091.27 4.84592e-08 0 4.84592e-08
1098.91 4.71012e-08 0 4.71012e-08
1106.6 4.57831e-08 0 4.57831e-08
1114.35 4.45018e-08 0 4.45018e-08
1122.15 4.32564e-08 0 4.32564e-08
1130 4.20459e-08 0 4.20459e-08
1137.91 4.08692e-08 0 4.08692e-08
1145.88 3.97255e-08 0 3.97255e-08
1153.9 3.86137e-08 0 3.86137e-08
1161.98 3.75331e-08 0 3.75331e-08
1170.11 3.64827e-08 0 3.64827e-08
1178.3 3.54617e-08 0 3.54617e-08
1186.55 3.44693e-08 0 3.44693e-08
1194.85 3.35047e-08 0 3.35047e-08
1203.22 3.2567e-08 0 3.2567e-08
1211.64 3.16556e-08 0 3.16556e-08
1220.12 3.07697e-08 0 3.07697e-08
1228.66 2.99086e-08 0 2.99086e-08
1237.26 2.90705e-08 0 2.90705e-08
1245.92 2.8257e-08 0 2.8257e-08
1254.65 2.74663e-08 0 2.74663e-08
1263.43 2.66977e-08 0 2.66977e-08
1272.27 2.59505e-08 0 2.59505e-08
1281.18 2.52243e-08 0 2.52243e-08
1290.15 2.45184e-08 0 2.45184e-08
1299.18 2.38323e-08 0 2.38323e-08
1308.27 2.31654e-08 0 2.31654e-08
1317.43 2.25171e-08 0 2.25171e-08
1326.65 2.1887e-08 0 2.1887e-08
1335.94 2.12745e-08 0 2.12745e-08
1345.29 2.06791e-08 0 2.06791e-08
1354.71 2.01004e-08 0 2.01004e-08
1364.19 1.95379e-08 0 1.95379e-08
1373.74 1.89912e-08 0 1.89912e-08
1383.36 1.8459e-08 0 1.8459e-08
1393.04 1.79425e-08 0 1.79425e-08
1402.79 1.74404e-08 0 1.74404e-08
1412.61 1.69524e-08 0 1.69524e-08
1422.5 1.6478e-08 0 1.6478e-08
1432.46 1.60169e-08 0 1.60169e-08
1442.48 1.55687e-08 0 1.55687e-08
1452.58 1.5133e-08 0 1.5133e-08
1462.75 1.47095e-08 0 1.47095e-08
1472.99 1.42979e-08 0 1.42979e-08
1483.3 1.38978e-08 0 1.38978e-08
1493.68 1.35089e-08 0 1.35089e-08
1504.14 1.31309e-08 0 1.31309e-08
1514.67 1.27634e-08 0 1.27634e-08
1525.27 1.24063e-08 0 1.24063e-08
1535.95 1.20591e-08 0 1.20591e-08
1546.7 1.17217e-08 0 1.17217e-08
1557.52 1.13932e-08 0 1.13932e-08
1568.43 1.10744e-08 0 1.10744e-08
1579.41 1.07646e-08 0 1.07646e-08
1590.46 1.04633e-08 0 1.04633e-08
1601.59 1.01706e-08 0 1.01706e-08
1612.81 9.88596e-09 0 9.88596e-09
1624.1 9.60933e-09 0 9.60933e-09
1635.46 9.34044e-09 0 9.34044e-09
1646.91 9.07908e-09 0 9.07908e-09
1658.44 8.82503e-09 0 8.82503e-09
1670.05 8.57808e-09 0 8.57808e-09
1681.74 8.33805e-09 0 8.33805e-09
1693.51 8.10473e-09 0 8.10473e-09
1705.37 7.87795e-09 0 7.87795e-09
1717.3 7.6575e-09 0 7.6575e-09
1729.33 7.44323e-09 0 7.44323e-09
1741.43 7.2347e-09 0 7.2347e-09
1753.62 7.03226e-09 0 7.03226e-09
1765.9 6.8355e-09 0 6.8355e-09
1778.26 6.64424e-09 0 6.64424e-09
1790.71 6.45832e-09 0 6.45832e-09
1803.24 6.27762e-09 0 6.27762e-09
1815.86 6.10196e-09 0 6.10196e-09
1828.57 5.93122e-09 0 5.93122e-09
1841.37 5.76526e-09 0 5.76526e-09
1854.26 5.60395e-09 0 5.60395e-09
1867.24 5.44714e-09 0 5.44714e-09
1880.31 5.29473e-09 0 5.29473e-09
1893.48 5.14658e-09 0 5.14658e-09
1906.73 5.00257e-09 0 5.00257e-09
1920.08 4.86259e-09 0 4.86259e-09
1933.52 4.72653e-09 0 4.72653e-09
1947.05 4.59428e-09 0 4.59428e-09
1960.68 4.46557e-09 0 4.46557e-09
1974.41 4.34063e-09 0 4.34063e-09
1988.23 4.21918e-09 0 4.21918e-09
2002.15 4.10113e-09 0 4.10113e-09
2016.16 3.98638e-09 0 3.98638e-09
2030.27 3.87485e-09 0 3.87485e-09
2044.49 3.76643e-09 0 3.76643e-09
2058.8 3.66105e-09 0 3.66105e-09
2073.21 3.55861e-09 0 3.55861e-09
2087.72 3.45904e-09 0 3.45904e-09
2102.34 3.36226e-09 0 3.36226e-09
2117.05 3.26819e-09 0 3.26819e-09
2131.87 3.17674e-09 0 3.17674e-09
2146.79 3.08786e-09 0 3.08786e-09
2161.82 3.00146e-09 0 3.00146e-09
2176.95 2.91748e-09 0 2.91748e-09
2192.19 2.83575e-09 0 2.83575e-09
2207.54 2.75641e-09 0 2.75641e-09
2222.99 2.67929e-09 0 2.67929e-09
2238.55 2.60433e-09 0 2.60433e-09
2254.22 2.53147e-09 0 2.53147e-09
2270 2.46064e-09 0 2.46064e-09
2285.89 2.39179e-09 0 2.39179e-09
2301.89 2.32488e-09 0 2.32488e-09
2318.01 2.25983e-09 0 2.25983e-09
2334.23 2.1966e-09 0 2.1966e-09
2350.57 2.13515e-09 0 2.13515e-09
2367.03 2.07541e-09 0 2.07541e-09
2383.6 2.01734e-09 0 2.01734e-09
2400.28 1.9609e-09 0 1.9609e-09
2417.08 1.90604e-09 0 1.90604e-09
2434 1.85271e-09 0 1.85271e-09
2451.04 1.80087e-09 0 1.80087e-09
2468.2 1.75043e-09 0 1.75043e-09
2485.47 1.70145e-09 0 1.70145e-09
2502.87 1.65385e-09 0 1.65385e-09
2520.39 1.60758e-09 0 1.60758e-09
2538.04 1.56261e-09 0 1.56261e-09
2555.8 1.51889e-09 0 1.51889e-09
2573.69 1.4764e-09 0 1.4764e-09
2591.71 1.43509e-09 0 1.43509e-09
2609.85 1.39494e-09 0 1.39494e-09
2628.12 1.35591e-09 0 1.35591e-09
2646.52 1.31798e-09 0 1.31798e-09
2665.04 1.28111e-09 0 1.28111e-09
2683.7 1.24526e-09 0 1.24526e-09
2702.48 1.21042e-09 0 1.21042e-09
2721.4 1.17656e-09 0 1.17656e-09
2740.45 1.14364e-09 0 1.14364e-09
2759.63 1.11161e-09 0 1.11161e-09
2778.95 1.08051e-09 0 1.08051e-09
2798.4 1.05028e-09 0 1.05028e-09
2817.99 1.0209e-09 0 1.0209e-09
2837.72 9.92339e-10 0 9.92339e-10
