6.16687 4.9034e-08 111.801 1.36769e-56
6.21004 6.2237e-08 110.828 4.59432e-56
6.25351 7.86997e-08 109.841 1.55885e-55
6.29728 9.91872e-08 108.869 5.19224e-55
6.34136 1.246e-07 107.864 1.78069e-54
6.38575 1.56019e-07 106.875 5.99543e-54
6.43045 1.9474e-07 105.867 2.05191e-53
6.47546 2.4231e-07 104.857 7.00763e-53
6.52079 3.0057e-07 103.837 2.41014e-52
6.56644 3.71703e-07 102.812 8.30616e-52
6.6124 4.58292e-07 101.785 2.85932e-51
6.65869 5.63379e-07 100.747 9.9262e-51
6.7053 6.90545e-07 99.7004 3.46623e-50
6.75224 8.4398e-07 98.6634 1.19502e-49
6.7995 1.02858e-06 97.6103 4.1746e-49
6.8471 1.25006e-06 96.5465 1.47004e-48
6.89503 1.51505e-06 95.4742 5.20595e-48
6.9433 1.83175e-06 94.4006 1.84171e-47
6.9919 2.20804e-06 93.3294 6.47974e-47
7.04084 2.65461e-06 92.2527 2.28638e-46
7.09013 3.1832e-06 91.1678 8.11316e-46
7.13976 3.80724e-06 90.0752 2.89358e-45
7.18974 4.54211e-06 88.9769 1.03536e-44
7.24007 5.40532e-06 87.8744 3.71064e-44
7.29075 6.41676e-06 86.7672 1.3329e-43
7.34178 7.599e-06 85.6548 4.80141e-43
7.39317 8.97757e-06 84.5357 1.73695e-42
7.44493 1.05812e-05 83.4094 6.31381e-42
7.49704 1.24424e-05 82.2769 2.30419e-41
7.54952 1.45975e-05 81.1499 8.34265e-41
7.60237 1.70872e-05 80.0226 3.01503e-40
7.65558 1.9957e-05 78.8886 1.09453e-39
7.70917 2.32576e-05 77.7439 4.00699e-39
7.76314 2.70455e-05 76.5886 1.47945e-38
7.81748 3.13903e-05 75.447 5.37761e-38
7.8722 3.63479e-05 74.2954 1.96966e-37
7.92731 4.20013e-05 73.139 7.23405e-37
7.9828 4.84349e-05 71.9755 2.6705e-36
8.03868 5.57415e-05 70.815 9.80885e-36
8.09495 6.4023e-05 69.6582 3.58233e-35
8.15161 7.3391e-05 68.4803 1.33365e-34
8.20867 8.39673e-05 67.3252 4.84348e-34
8.26613 9.58851e-05 66.1442 1.80166e-33
8.324 0.000109289 64.9791 6.58426e-33
8.38226 0.000124336 63.8073 2.41788e-32
8.44094 0.000141198 62.6263 8.94473e-32
8.50003 0.000160058 61.4605 3.25333e-31
8.55953 0.000181115 60.2813 1.19712e-30
8.61944 0.000204585 59.0974 4.41785e-30
8.67978 0.000230698 57.9266 1.60637e-29
8.74054 0.00025975 56.7524 5.85172e-29
8.80172 0.000291915 55.5794 2.12542e-28
8.86333 0.000327521 54.4047 7.71913e-28
8.92538 0.000366874 53.2282 2.80429e-27
8.98786 0.000410295 52.0541 1.01457e-26
9.05077 0.000458131 50.884 3.65059e-26
9.11413 0.000510747 49.7168 1.30754e-25
9.17792 0.000568531 48.5507 4.67163e-25
9.24217 0.000631893 47.3845 1.66662e-24
9.30687 0.000701269 46.2265 5.88788e-24
9.37201 0.000777116 45.0637 2.08725e-23
9.43762 0.000859916 43.9137 7.29455e-23
9.50368 0.000950177 42.7654 2.5411e-22
9.57021 0.00104843 41.626 8.762e-22
9.6372 0.00115524 40.4796 3.03815e-21
9.70466 0.00127118 39.3491 1.03539e-20
9.77259 0.00139686 38.2259 3.49839e-20
9.841 0.00153314 37.103 1.18014e-19
9.90989 0.00168026 35.9926 3.92628e-19
9.97926 0.00183911 34.8809 1.30623e-18
10.0491 0.00201041 33.7861 4.26752e-18
10.1195 0.0021949 32.6955 1.38652e-17
10.1903 0.00239335 31.614 4.45863e-17
10.2616 0.00260655 30.5467 1.41189e-16
10.3335 0.00283531 29.4845 4.44255e-16
10.4058 0.00308049 28.4318 1.3831e-15
10.4786 0.00334295 27.3951 4.23237e-15
10.552 0.00362357 26.3689 1.28017e-14
10.6258 0.00392327 25.3559 3.81691e-14
10.7002 0.004243 24.3523 1.12617e-13
10.7751 0.0045837 23.3654 3.26408e-13
10.8506 0.00494635 22.3915 9.32805e-13
10.9265 0.00533194 21.434 2.61948e-12
11.003 0.00574214 20.4888 7.25947e-12
11.08 0.0061767 19.5663 1.96443e-11
11.1576 0.0066373 18.6552 5.25003e-11
11.2357 0.00712499 17.7599 1.37957e-10
11.3143 0.00764086 16.8876 3.53952e-10
11.3935 0.00818598 16.0361 8.88531e-10
11.4733 0.00876146 15.2005 2.19316e-09
11.5536 0.00936838 14.3858 5.29646e-09
11.6345 0.0100079 13.5933 1.24984e-08
11.7159 0.010681 12.82 2.89038e-08
11.7979 0.011389 12.0696 6.52733e-08
11.8805 0.0121328 11.3413 1.44049e-07
11.9637 0.0129137 10.64 3.09153e-07
12.0474 0.0137327 9.96044 6.48623e-07
12.1317 0.014591 9.30276 1.3303e-06
12.2167 0.0154897 8.67403 2.64826e-06
12.3022 0.0164298 8.06674 5.15571e-06
12.3883 0.0174139 7.48908 9.73708e-06
12.475 0.0184401 6.93389 1.79645e-05
12.5623 0.019511 6.40613 3.22206e-05
12.6503 0.0206277 5.90458 5.62502e-05
12.7388 0.0217911 5.42808 9.56965e-05
12.828 0.0230023 4.9775 0.000158514
12.9178 0.0242622 4.55268 0.000255698
13.0082 0.0255719 4.15351 0.000401713
13.0993 0.0269322 3.77918 0.000615172
13.191 0.0283441 3.4302 0.000917797
13.2833 0.0298085 3.10494 0.00133623
13.3763 0.0313262 2.80245 0.00190029
13.4699 0.0328981 2.52151 0.00264298
13.5642 0.034525 2.26422 0.00358753
13.6592 0.0362076 2.02713 0.00476902
13.7548 0.0379467 1.80926 0.00621473
13.8511 0.0397457 1.61093 0.0079373
13.948 0.0415997 1.43021 0.0099531
14.0457 0.0435121 1.26571 0.0122721
14.144 0.0454835 1.11743 0.0148785
14.243 0.0475145 0.984187 0.0177582
14.3427 0.0496056 0.864234 0.0209025
14.4431 0.0517571 0.75675 0.0242839
14.5442 0.0539696 0.66087 0.02787
14.646 0.0562433 0.575484 0.0316331
14.7485 0.0585787 0.49948 0.0355482
14.8518 0.0609759 0.432878 0.0395514
14.9557 0.0634353 0.374096 0.0436378
15.0604 0.0659569 0.322156 0.0477914
15.1658 0.0685411 0.276905 0.0519628
15.272 0.0711878 0.237226 0.0561538
15.3789 0.0738971 0.202838 0.0603303
15.4866 0.076669 0.172824 0.0645005
15.595 0.0795077 0.146831 0.0686501
15.7041 0.0824046 0.124519 0.0727568
15.8141 0.0853638 0.105246 0.0768362
15.9248 0.0883852 0.0887019 0.0808829
16.0362 0.0914686 0.074527 0.0848995
16.1485 0.0946137 0.0623833 0.0888917
16.2615 0.0978201 0.0521153 0.0928528
16.3753 0.101088 0.0434023 0.096794
16.49 0.104416 0.0360023 0.100723
16.6054 0.107804 0.0297728 0.104642
16.7216 0.111252 0.0245295 0.108556
16.8387 0.114759 0.0201459 0.112471
16.9566 0.118325 0.0164732 0.116392
17.0753 0.121949 0.0134143 0.120324
17.1948 0.12563 0.0108947 0.124269
17.3152 0.129369 0.0088066 0.128234
17.4364 0.133168 0.00708829 0.132228
17.5584 0.137017 0.00567679 0.136242
17.6813 0.140921 0.00453001 0.140284
17.8051 0.144878 0.00360054 0.144358
17.9297 0.148889 0.00284495 0.148466
18.0552 0.152951 0.00224 0.152609
18.1816 0.157064 0.00175327 0.156789
18.3089 0.161227 0.00136823 0.161007
18.4371 0.16544 0.0010608 0.165264
18.5661 0.169701 0.000819514 0.169562
18.6961 0.174008 0.000629818 0.173899
18.8269 0.178362 0.000481125 0.178277
18.9587 0.182762 0.000367358 0.182694
19.0914 0.187205 0.000278339 0.187153
19.2251 0.191691 0.000210143 0.19165
19.3597 0.196219 0.000157928 0.196188
19.4952 0.200787 0.000117841 0.200763
19.6316 0.205402 8.74949e-05 0.205384
19.7691 0.210048 6.47626e-05 0.210034
19.9075 0.214731 4.75215e-05 0.214721
20.0468 0.219451 3.46213e-05 0.219443
20.1871 0.224205 2.50314e-05 0.2242
20.3284 0.228993 1.80553e-05 0.228989
20.4707 0.233813 1.28584e-05 0.23381
20.614 0.238665 9.07771e-06 0.238663
20.7583 0.243546 6.32494e-06 0.243545
20.9036 0.248456 4.34081e-06 0.248455
21.05 0.253394 2.93417e-06 0.253393
21.1973 0.258358 1.94288e-06 0.258358
21.3457 0.263347 1.25276e-06 0.263347
21.4951 0.26836 7.82769e-07 0.26836
21.6456 0.273395 4.6726e-07 0.273395
21.7971 0.278452 2.58139e-07 0.278452
21.9497 0.283536 1.25968e-07 0.283536
22.1033 0.288631 4.82026e-08 0.288631
22.2581 0.293744 6.50045e-09 0.293744
22.4139 0.298873 0 0.298873
22.5708 0.304018 0 0.304018
22.7288 0.309176 0 0.309176
22.8879 0.314347 0 0.314347
23.0481 0.31953 0 0.31953
23.2094 0.324723 0 0.324723
23.3719 0.329925 0 0.329925
23.5355 0.335136 0 0.335136
23.7002 0.340353 0 0.340353
23.8661 0.345576 0 0.345576
24.0332 0.350804 0 0.350804
24.2014 0.356035 0 0.356035
24.3708 0.361269 0 0.361269
24.5414 0.366504 0 0.366504
24.7132 0.371747 0 0.371747
24.8862 0.376981 0 0.376981
25.0604 0.382214 0 0.382214
25.2358 0.387443 0 0.387443
25.4125 0.392669 0 0.392669
25.5904 0.39789 0 0.39789
25.7695 0.403105 0 0.403105
25.9499 0.408313 0 0.408313
26.1315 0.413513 0 0.413513
26.3145 0.418705 0 0.418705
26.4987 0.423888 0 0.423888
26.6842 0.429059 0 0.429059
26.8709 0.43422 0 0.43422
27.059 0.439368 0 0.439368
27.2485 0.444504 0 0.444504
27.4392 0.449625 0 0.449625
27.6313 0.45474 0 0.45474
27.8247 0.459831 0 0.459831
28.0195 0.464906 0 0.464906
28.2156 0.469964 0 0.469964
28.4131 0.475004 0 0.475004
28.612 0.480027 0 0.480027
28.8123 0.48503 0 0.48503
29.014 0.490014 0 0.490014
29.2171 0.494977 0 0.494977
29.4216 0.499919 0 0.499919
29.6275 0.50484 0 0.50484
29.8349 0.509739 0 0.509739
30.0438 0.514615 0 0.514615
30.2541 0.519468 0 0.519468
30.4659 0.524297 0 0.524297
30.6791 0.529102 0 0.529102
30.8939 0.533882 0 0.533882
31.1101 0.538643 0 0.538643
31.3279 0.543372 0 0.543372
31.5472 0.548074 0 0.548074
31.768 0.55275 0 0.55275
31.9904 0.557399 0 0.557399
32.2143 0.562021 0 0.562021
32.4398 0.566614 0 0.566614
32.6669 0.57118 0 0.57118
32.8956 0.575717 0 0.575717
33.1259 0.580225 0 0.580225
33.3577 0.584704 0 0.584704
33.5912 0.589154 0 0.589154
33.8264 0.593574 0 0.593574
34.0632 0.597964 0 0.597964
34.3016 0.602323 0 0.602323
34.5417 0.606652 0 0.606652
34.7835 0.610957 0 0.610957
35.027 0.615224 0 0.615224
35.2722 0.619461 0 0.619461
35.5191 0.623665 0 0.623665
35.7677 0.627839 0 0.627839
36.0181 0.631981 0 0.631981
36.2702 0.636091 0 0.636091
36.5241 0.640169 0 0.640169
36.7798 0.644215 0 0.644215
37.0372 0.648229 0 0.648229
37.2965 0.652211 0 0.652211
37.5576 0.65616 0 0.65616
37.8205 0.660077 0 0.660077
38.0852 0.663962 0 0.663962
38.3518 0.667814 0 0.667814
38.6203 0.671633 0 0.671633
38.8906 0.67542 0 0.67542
39.1629 0.67918 0 0.67918
39.437 0.682901 0 0.682901
39.7131 0.68659 0 0.68659
39.991 0.690247 0 0.690247
40.271 0.69387 0 0.69387
40.5529 0.697461 0 0.697461
40.8368 0.70102 0 0.70102
41.1226 0.704546 0 0.704546
41.4105 0.70804 0 0.70804
41.7003 0.711501 0 0.711501
41.9922 0.71493 0 0.71493
42.2862 0.718327 0 0.718327
42.5822 0.721691 0 0.721691
42.8803 0.725023 0 0.725023
43.1804 0.728324 0 0.728324
43.4827 0.731592 0 0.731592
43.7871 0.734834 0 0.734834
44.0936 0.738038 0 0.738038
44.4022 0.741211 0 0.741211
44.713 0.744353 0 0.744353
45.026 0.747463 0 0.747463
45.3412 0.750542 0 0.750542
45.6586 0.75359 0 0.75359
45.9782 0.756607 0 0.756607
46.3001 0.759594 0 0.759594
46.6242 0.762549 0 0.762549
46.9505 0.765475 0 0.765475
47.2792 0.768369 0 0.768369
47.6101 0.771234 0 0.771234
47.9434 0.774069 0 0.774069
48.279 0.776873 0 0.776873
48.617 0.779649 0 0.779649
48.9573 0.782394 0 0.782394
49.3 0.785114 0 0.785114
49.6451 0.787801 0 0.787801
49.9926 0.790459 0 0.790459
50.3426 0.793089 0 0.793089
50.695 0.795689 0 0.795689
51.0498 0.798262 0 0.798262
51.4072 0.800806 0 0.800806
51.767 0.803322 0 0.803322
52.1294 0.80581 0 0.80581
52.4943 0.808271 0 0.808271
52.8618 0.810704 0 0.810704
53.2318 0.81311 0 0.81311
53.6044 0.81549 0 0.81549
53.9796 0.817842 0 0.817842
54.3575 0.820168 0 0.820168
54.738 0.822467 0 0.822467
55.1212 0.824744 0 0.824744
55.507 0.826991 0 0.826991
55.8956 0.829212 0 0.829212
56.2868 0.831408 0 0.831408
56.6808 0.833578 0 0.833578
57.0776 0.835724 0 0.835724
57.4772 0.837844 0 0.837844
57.8795 0.83994 0 0.83994
58.2846 0.842012 0 0.842012
58.6926 0.844059 0 0.844059
59.1035 0.846082 0 0.846082
59.5172 0.848081 0 0.848081
59.9338 0.850057 0 0.850057
60.3534 0.852009 0 0.852009
60.7758 0.853938 0 0.853938
61.2013 0.855844 0 0.855844
61.6297 0.857727 0 0.857727
62.0611 0.859591 0 0.859591
62.4955 0.861429 0 0.861429
62.933 0.863245 0 0.863245
63.3735 0.86504 0 0.86504
63.8171 0.866812 0 0.866812
64.2639 0.868564 0 0.868564
64.7137 0.870293 0 0.870293
65.1667 0.872002 0 0.872002
65.6229 0.87369 0 0.87369
66.0822 0.875358 0 0.875358
66.5448 0.877005 0 0.877005
67.0106 0.878631 0 0.878631
67.4797 0.880238 0 0.880238
67.952 0.881825 0 0.881825
68.4277 0.883392 0 0.883392
68.9067 0.88494 0 0.88494
69.389 0.886471 0 0.886471
69.8748 0.88798 0 0.88798
70.3639 0.889471 0 0.889471
70.8564 0.890943 0 0.890943
71.3524 0.892397 0 0.892397
71.8519 0.893832 0 0.893832
72.3549 0.89525 0 0.89525
72.8614 0.89665 0 0.89665
73.3714 0.898032 0 0.898032
73.885 0.899396 0 0.899396
74.4022 0.900744 0 0.900744
74.923 0.902074 0 0.902074
75.4475 0.903388 0 0.903388
75.9756 0.904685 0 0.904685
76.5074 0.905965 0 0.905965
77.043 0.907229 0 0.907229
77.5823 0.908477 0 0.908477
78.1253 0.909711 0 0.909711
78.6722 0.910927 0 0.910927
79.2229 0.912127 0 0.912127
79.7775 0.913312 0 0.913312
80.3359 0.914482 0 0.914482
80.8983 0.915637 0 0.915637
81.4646 0.916777 0 0.916777
82.0348 0.917902 0 0.917902
82.6091 0.919013 0 0.919013
83.1873 0.92011 0 0.92011
83.7696 0.921192 0 0.921192
84.356 0.92226 0 0.92226
84.9465 0.923314 0 0.923314
85.5411 0.924355 0 0.924355
86.1399 0.925382 0 0.925382
86.7429 0.926395 0 0.926395
87.3501 0.927397 0 0.927397
87.9616 0.928385 0 0.928385
88.5773 0.929359 0 0.929359
89.1973 0.930321 0 0.930321
89.8217 0.93127 0 0.93127
90.4505 0.932206 0 0.932206
91.0836 0.93313 0 0.93313
91.7212 0.934042 0 0.934042
92.3633 0.934943 0 0.934943
93.0098 0.935831 0 0.935831
93.6609 0.936707 0 0.936707
94.3165 0.937572 0 0.937572
94.9767 0.938426 0 0.938426
95.6415 0.939268 0 0.939268
96.311 0.940099 0 0.940099
96.9852 0.940919 0 0.940919
97.6641 0.941728 0 0.941728
98.3478 0.942528 0 0.942528
99.0362 0.943316 0 0.943316
99.7294 0.944093 0 0.944093
100.428 0.94486 0 0.94486
101.131 0.945617 0 0.945617
101.838 0.946364 0 0.946364
102.551 0.9471 0 0.9471
103.269 0.947827 0 0.947827
103.992 0.948544 0 0.948544
104.72 0.949252 0 0.949252
105.453 0.94995 0 0.94995
106.191 0.950639 0 0.950639
106.935 0.951318 0 0.951318
107.683 0.951988 0 0.951988
108.437 0.95265 0 0.95265
109.196 0.953302 0 0.953302
109.96 0.953947 0 0.953947
110.73 0.954582 0 0.954582
111.505 0.955208 0 0.955208
112.286 0.955826 0 0.955826
113.072 0.956436 0 0.956436
113.863 0.957038 0 0.957038
114.66 0.957631 0 0.957631
115.463 0.958216 0 0.958216
116.271 0.958794 0 0.958794
117.085 0.959363 0 0.959363
117.905 0.959925 0 0.959925
118.73 0.960479 0 0.960479
119.561 0.961026 0 0.961026
120.398 0.961566 0 0.961566
121.241 0.962098 0 0.962098
122.089 0.962622 0 0.962622
122.944 0.96314 0 0.96314
123.805 0.963652 0 0.963652
124.671 0.964155 0 0.964155
125.544 0.964652 0 0.964652
126.423 0.965142 0 0.965142
127.308 0.965625 0 0.965625
128.199 0.966102 0 0.966102
129.096 0.966573 0 0.966573
130 0.967036 0 0.967036
130.91 0.967494 0 0.967494
131.826 0.967945 0 0.967945
132.749 0.968391 0 0.968391
133.678 0.96883 0 0.96883
134.614 0.969263 0 0.969263
135.556 0.96969 0 0.96969
136.505 0.970111 0 0.970111
137.461 0.970527 0 0.970527
138.423 0.970937 0 0.970937
139.392 0.971341 0 0.971341
140.368 0.97174 0 0.97174
141.35 0.972133 0 0.972133
142.34 0.972521 0 0.972521
143.336 0.972903 0 0.972903
144.34 0.973281 0 0.973281
145.35 0.973653 0 0.973653
146.367 0.97402 0 0.97402
147.392 0.974381 0 0.974381
148.424 0.974738 0 0.974738
149.463 0.97509 0 0.97509
150.509 0.975438 0 0.975438
151.562 0.97578 0 0.97578
152.623 0.976118 0 0.976118
153.692 0.976451 0 0.976451
154.768 0.976779 0 0.976779
155.851 0.977103 0 0.977103
156.942 0.977423 0 0.977423
158.041 0.977738 0 0.977738
159.147 0.978048 0 0.978048
160.261 0.978355 0 0.978355
161.383 0.978657 0 0.978657
162.512 0.978955 0 0.978955
163.65 0.979249 0 0.979249
164.795 0.979539 0 0.979539
165.949 0.979824 0 0.979824
167.111 0.980106 0 0.980106
168.28 0.980384 0 0.980384
169.458 0.980658 0 0.980658
170.645 0.980929 0 0.980929
171.839 0.981195 0 0.981195
173.042 0.981458 0 0.981458
174.253 0.981718 0 0.981718
175.473 0.981973 0 0.981973
176.701 0.982225 0 0.982225
177.938 0.982474 0 0.982474
179.184 0.982719 0 0.982719
180.438 0.982961 0 0.982961
181.701 0.983199 0 0.983199
182.973 0.983434 0 0.983434
184.254 0.983666 0 0.983666
185.544 0.983895 0 0.983895
186.843 0.98412 0 0.98412
188.15 0.984342 0 0.984342
189.467 0.984562 0 0.984562
190.794 0.984778 0 0.984778
192.129 0.984991 0 0.984991
193.474 0.985201 0 0.985201
194.829 0.985408 0 0.985408
196.192 0.985613 0 0.985613
197.566 0.985815 0 0.985815
198.949 0.986013 0 0.986013
200.341 0.986209 0 0.986209
201.744 0.986402 0 0.986402
203.156 0.986593 0 0.986593
204.578 0.986781 0 0.986781
206.01 0.986966 0 0.986966
207.452 0.987149 0 0.987149
208.904 0.987329 0 0.987329
210.367 0.987507 0 0.987507
211.839 0.987682 0 0.987682
213.322 0.987855 0 0.987855
214.815 0.988025 0 0.988025
216.319 0.988193 0 0.988193
217.833 0.988358 0 0.988358
219.358 0.988522 0 0.988522
220.894 0.988683 0 0.988683
222.44 0.988842 0 0.988842
223.997 0.988998 0 0.988998
225.565 0.989153 0 0.989153
227.144 0.989305 0 0.989305
228.734 0.989455 0 0.989455
230.335 0.989603 0 0.989603
231.947 0.989749 0 0.989749
233.571 0.989893 0 0.989893
235.206 0.990035 0 0.990035
236.852 0.990174 0 0.990174
238.51 0.990312 0 0.990312
240.18 0.990448 0 0.990448
241.861 0.990583 0 0.990583
243.554 0.990715 0 0.990715
245.259 0.990845 0 0.990845
246.976 0.990974 0 0.990974
248.705 0.991101 0 0.991101
250.446 0.991226 0 0.991226
252.199 0.991349 0 0.991349
253.964 0.99147 0 0.99147
255.742 0.99159 0 0.99159
257.532 0.991708 0 0.991708
259.335 0.991825 0 0.991825
261.15 0.99194 0 0.99194
262.978 0.992053 0 0.992053
264.819 0.992165 0 0.992165
266.673 0.992275 0 0.992275
268.54 0.992383 0 0.992383
270.419 0.99249 0 0.99249
272.312 0.992596 0 0.992596
274.218 0.9927 0 0.9927
276.138 0.992803 0 0.992803
278.071 0.992904 0 0.992904
280.017 0.993004 0 0.993004
281.978 0.993102 0 0.993102
283.951 0.993199 0 0.993199
285.939 0.993294 0 0.993294
287.941 0.993389 0 0.993389
289.956 0.993482 0 0.993482
291.986 0.993573 0 0.993573
294.03 0.993664 0 0.993664
296.088 0.993753 0 0.993753
298.161 0.993841 0 0.993841
300.248 0.993927 0 0.993927
302.349 0.994013 0 0.994013
304.466 0.994097 0 0.994097
306.597 0.99418 0 0.99418
308.743 0.994262 0 0.994262
310.905 0.994343 0 0.994343
313.081 0.994422 0 0.994422
315.272 0.994501 0 0.994501
317.479 0.994578 0 0.994578
319.702 0.994654 0 0.994654
321.94 0.994729 0 0.994729
324.193 0.994804 0 0.994804
326.463 0.994877 0 0.994877
328.748 0.994949 0 0.994949
331.049 0.99502 0 0.99502
333.366 0.99509 0 0.99509
335.7 0.995159 0 0.995159
338.05 0.995227 0 0.995227
340.416 0.995294 0 0.995294
342.799 0.99536 0 0.99536
345.199 0.995426 0 0.995426
347.615 0.99549 0 0.99549
350.048 0.995554 0 0.995554
352.499 0.995616 0 0.995616
354.966 0.995678 0 0.995678
357.451 0.995739 0 0.995739
359.953 0.995799 0 0.995799
362.473 0.995858 0 0.995858
365.01 0.995916 0 0.995916
367.565 0.995974 0 0.995974
370.138 0.99603 0 0.99603
372.729 0.996086 0 0.996086
375.338 0.996141 0 0.996141
377.966 0.996196 0 0.996196
380.611 0.996249 0 0.996249
383.276 0.996302 0 0.996302
385.959 0.996354 0 0.996354
388.66 0.996405 0 0.996405
391.381 0.996456 0 0.996456
394.121 0.996506 0 0.996506
396.879 0.996555 0 0.996555
399.658 0.996604 0 0.996604
402.455 0.996651 0 0.996651
405.272 0.996698 0 0.996698
408.109 0.996745 0 0.996745
410.966 0.996791 0 0.996791
413.843 0.996836 0 0.996836
416.74 0.996881 0 0.996881
419.657 0.996924 0 0.996924
422.594 0.996968 0 0.996968
425.553 0.99701 0 0.99701
428.531 0.997053 0 0.997053
431.531 0.997094 0 0.997094
434.552 0.997135 0 0.997135
437.594 0.997175 0 0.997175
440.657 0.997215 0 0.997215
443.742 0.997254 0 0.997254
446.848 0.997293 0 0.997293
449.976 0.997331 0 0.997331
453.126 0.997369 0 0.997369
456.297 0.997406 0 0.997406
459.491 0.997442 0 0.997442
462.708 0.997478 0 0.997478
465.947 0.997514 0 0.997514
469.208 0.997549 0 0.997549
472.493 0.997583 0 0.997583
475.8 0.997617 0 0.997617
479.131 0.997651 0 0.997651
482.485 0.997684 0 0.997684
485.862 0.997717 0 0.997717
489.263 0.997749 0 0.997749
492.688 0.997781 0 0.997781
496.137 0.997812 0 0.997812
499.61 0.997843 0 0.997843
503.107 0.997873 0 0.997873
506.629 0.997903 0 0.997903
510.175 0.997933 0 0.997933
513.747 0.997962 0 0.997962
517.343 0.99799 0 0.99799
520.964 0.998019 0 0.998019
524.611 0.998047 0 0.998047
528.283 0.998074 0 0.998074
531.981 0.998101 0 0.998101
535.705 0.998128 0 0.998128
539.455 0.998154 0 0.998154
543.231 0.99818 0 0.99818
547.034 0.998206 0 0.998206
550.863 0.998231 0 0.998231
554.719 0.998256 0 0.998256
558.602 0.998281 0 0.998281
562.512 0.998305 0 0.998305
566.45 0.998329 0 0.998329
570.415 0.998352 0 0.998352
574.408 0.998376 0 0.998376
578.429 0.998399 0 0.998399
582.478 0.998421 0 0.998421
586.555 0.998443 0 0.998443
590.661 0.998465 0 0.998465
594.796 0.998487 0 0.998487
598.959 0.998508 0 0.998508
603.152 0.998529 0 0.998529
607.374 0.99855 0 0.99855
611.626 0.99857 0 0.99857
615.907 0.99859 0 0.99859
620.218 0.99861 0 0.99861
624.56 0.99863 0 0.99863
628.932 0.998649 0 0.998649
633.334 0.998668 0 0.998668
637.768 0.998687 0 0.998687
642.232 0.998706 0 0.998706
646.728 0.998724 0 0.998724
651.255 0.998742 0 0.998742
655.814 0.998759 0 0.998759
660.404 0.998777 0 0.998777
665.027 0.998794 0 0.998794
669.682 0.998811 0 0.998811
674.37 0.998828 0 0.998828
679.091 0.998844 0 0.998844
683.844 0.998861 0 0.998861
688.631 0.998877 0 0.998877
693.452 0.998893 0 0.998893
698.306 0.998908 0 0.998908
703.194 0.998924 0 0.998924
708.116 0.998939 0 0.998939
713.073 0.998954 0 0.998954
718.065 0.998968 0 0.998968
723.091 0.998983 0 0.998983
728.153 0.998997 0 0.998997
733.25 0.999011 0 0.999011
738.383 0.999025 0 0.999025
743.551 0.999039 0 0.999039
748.756 0.999053 0 0.999053
753.997 0.999066 0 0.999066
759.275 0.999079 0 0.999079
764.59 0.999092 0 0.999092
769.942 0.999105 0 0.999105
775.332 0.999118 0 0.999118
780.759 0.99913 0 0.99913
786.225 0.999142 0 0.999142
791.728 0.999154 0 0.999154
797.27 0.999166 0 0.999166
802.851 0.999178 0 0.999178
808.471 0.99919 0 0.99919
814.131 0.999201 0 0.999201
819.829 0.999212 0 0.999212
825.568 0.999223 0 0.999223
831.347 0.999234 0 0.999234
837.167 0.999245 0 0.999245
843.027 0.999256 0 0.999256
848.928 0.999266 0 0.999266
854.871 0.999277 0 0.999277
860.855 0.999287 0 0.999287
866.881 0.999297 0 0.999297
872.949 0.999307 0 0.999307
879.059 0.999317 0 0.999317
885.213 0.999326 0 0.999326
891.409 0.999336 0 0.999336
897.649 0.999345 0 0.999345
903.933 0.999354 0 0.999354
910.26 0.999363 0 0.999363
916.632 0.999372 0 0.999372
923.048 0.999381 0 0.999381
929.51 0.99939 0 0.99939
936.016 0.999398 0 0.999398
942.568 0.999407 0 0.999407
949.166 0.999415 0 0.999415
955.811 0.999424 0 0.999424
962.501 0.999432 0 0.999432
969.239 0.99944 0 0.99944
976.024 0.999448 0 0.999448
982.856 0.999455 0 0.999455
989.736 0.999463 0 0.999463
996.664 0.999471 0 0.999471
1003.64 0.999478 0 0.999478
1010.67 0.999485 0 0.999485
1017.74 0.999493 0 0.999493
1024.86 0.9995 0 0.9995
1032.04 0.999507 0 0.999507
1039.26 0.999514 0 0.999514
1046.54 0.999521 0 0.999521
1053.86 0.999527 0 0.999527
1061.24 0.999534 0 0.999534
1068.67 0.999541 0 0.999541
1076.15 0.999547 0 0.999547
1083.68 0.999553 0 0.999553
1091.27 0.99956 0 0.99956
1098.91 0.999566 0 0.999566
1106.6 0.999572 0 0.999572
1114.35 0.999578 0 0.999578
1122.15 0.999584 0 0.999584
1130 0.99959 0 0.99959
1137.91 0.999596 0 0.999596
1145.88 0.999601 0 0.999601
1153.9 0.999607 0 0.999607
1161.98 0.999613 0 0.999613
1170.11 0.999618 0 0.999618
1178.3 0.999623 0 0.999623
1186.55 0.999629 0 0.999629
1194.85 0.999634 0 0.999634
1203.22 0.999639 0 0.999639
1211.64 0.999644 0 0.999644
1220.12 0.999649 0 0.999649
1228.66 0.999654 0 0.999654
1237.26 0.999659 0 0.999659
1245.92 0.999664 0 0.999664
1254.65 0.999669 0 0.999669
1263.43 0.999673 0 0.999673
1272.27 0.999678 0 0.999678
1281.18 0.999682 0 0.999682
1290.15 0.999687 0 0.999687
1299.18 0.999691 0 0.999691
1308.27 0.999696 0 0.999696
1317.43 0.9997 0 0.9997
1326.65 0.999704 0 0.999704
1335.94 0.999708 0 0.999708
1345.29 0.999712 0 0.999712
1354.71 0.999716 0 0.999716
1364.19 0.99972 0 0.99972
1373.74 0.999724 0 0.999724
1383.36 0.999728 0 0.999728
1393.04 0.999732 0 0.999732
1402.79 0.999736 0 0.999736
1412.61 0.99974 0 0.99974
1422.5 0.999743 0 0.999743
1432.46 0.999747 0 0.999747
1442.48 0.99975 0 0.99975
1452.58 0.999754 0 0.999754
1462.75 0.999757 0 0.999757
1472.99 0.999761 0 0.999761
1483.3 0.999764 0 0.999764
1493.68 0.999768 0 0.999768
1504.14 0.999771 0 0.999771
1514.67 0.999774 0 0.999774
1525.27 0.999777 0 0.999777
1535.95 0.99978 0 0.99978
1546.7 0.999783 0 0.999783
1557.52 0.999787 0 0.999787
1568.43 0.99979 0 0.99979
1579.41 0.999793 0 0.999793
1590.46 0.999795 0 0.999795
1601.59 0.999798 0 0.999798
1612.81 0.999801 0 0.999801
1624.1 0.999804 0 0.999804
1635.46 0.999807 0 0.999807
1646.91 0.999809 0 0.999809
1658.44 0.999812 0 0.999812
1670.05 0.999815 0 0.999815
1681.74 0.999817 0 0.999817
1693.51 0.99982 0 0.99982
1705.37 0.999822 0 0.999822
1717.3 0.999825 0 0.999825
1729.33 0.999827 0 0.999827
1741.43 0.99983 0 0.99983
1753.62 0.999832 0 0.999832
1765.9 0.999835 0 0.999835
1778.26 0.999837 0 0.999837
1790.71 0.999839 0 0.999839
1803.24 0.999842 0 0.999842
1815.86 0.999844 0 0.999844
1828.57 0.999846 0 0.999846
1841.37 0.999848 0 0.999848
1854.26 0.99985 0 0.99985
1867.24 0.999852 0 0.999852
1880.31 0.999854 0 0.999854
1893.48 0.999857 0 0.999857
1906.73 0.999859 0 0.999859
1920.08 0.999861 0 0.999861
1933.52 0.999863 0 0.999863
1947.05 0.999864 0 0.999864
1960.68 0.999866 0 0.999866
1974.41 0.999868 0 0.999868
1988.23 0.99987 0 0.99987
2002.15 0.999872 0 0.999872
2016.16 0.999874 0 0.999874
2030.27 0.999876 0 0.999876
2044.49 0.999877 0 0.999877
2058.8 0.999879 0 0.999879
2073.21 0.999881 0 0.999881
2087.72 0.999882 0 0.999882
2102.34 0.999884 0 0.999884
2117.05 0.999886 0 0.999886
2131.87 0.999887 0 0.999887
2146.79 0.999889 0 0.999889
2161.82 0.99989 0 0.99989
2176.95 0.999892 0 0.999892
2192.19 0.999893 0 0.999893
2207.54 0.999895 0 0.999895
2222.99 0.999896 0 0.999896
2238.55 0.999898 0 0.999898
2254.22 0.999899 0 0.999899
2270 0.999901 0 0.999901
2285.89 0.999902 0 0.999902
2301.89 0.999904 0 0.999904
2318.01 0.999905 0 0.999905
2334.23 0.999906 0 0.999906
2350.57 0.999908 0 0.999908
2367.03 0.999909 0 0.999909
2383.6 0.99991 0 0.99991
2400.28 0.999911 0 0.999911
2417.08 0.999913 0 0.999913
2434 0.999914 0 0.999914
2451.04 0.999915 0 0.999915
2468.2 0.999916 0 0.999916
2485.47 0.999918 0 0.999918
2502.87 0.999919 0 0.999919
2520.39 0.99992 0 0.99992
2538.04 0.999921 0 0.999921
2555.8 0.999922 0 0.999922
2573.69 0.999923 0 0.999923
2591.71 0.999924 0 0.999924
2609.85 0.999925 0 0.999925
2628.12 0.999926 0 0.999926
2646.52 0.999927 0 0.999927
2665.04 0.999928 0 0.999928
2683.7 0.999929 0 0.999929
2702.48 0.99993 0 0.99993
2721.4 0.999931 0 0.999931
2740.45 0.999932 0 0.999932
2759.63 0.999933 0 0.999933
2778.95 0.999934 0 0.999934
2798.4 0.999935 0 0.999935
2817.99 0.999936 0 0.999936
2837.72 0.999937 0 0.999937
2857.58 0.999938 0 0.999938
2877.59 0.999939 0 0.999939
2897.73 0.99994 0 0.99994
2918.01 0.99994 0 0.99994
2938.44 0.999941 0 0.999941
2959.01 0.999942 0 0.999942
2979.72 0.999943 0 0.999943
3000.58 0.999944 0 0.999944
3021.58 0.999945 0 0.999945
3042.73 0.999945 0 0.999945
3064.03 0.999946 0 0.999946
3085.48 0.999947 0 0.999947
3107.08 0.999948 0 0.999948
3128.83 0.999948 0 0.999948
3150.73 0.999949 0 0.999949
3172.79 0.99995 0 0.99995
3195 0.999951 0 0.999951
3217.36 0.999951 0 0.999951
3239.88 0.999952 0 0.999952
3262.56 0.999953 0 0.999953
3285.4 0.999953 0 0.999953
3308.4 0.999954 0 0.999954
3331.56 0.999955 0 0.999955
3354.88 0.999955 0 0.999955
3378.36 0.999956 0 0.999956
3402.01 0.999956 0 0.999956
3425.82 0.999957 0 0.999957
3449.8 0.999958 0 0.999958
3473.95 0.999958 0 0.999958
3498.27 0.999959 0 0.999959
3522.76 0.999959 0 0.999959
3547.42 0.99996 0 0.99996
3572.25 0.999961 0 0.999961
3597.26 0.999961 0 0.999961
3622.44 0.999962 0 0.999962
3647.79 0.999962 0 0.999962
3673.33 0.999963 0 0.999963
3699.04 0.999963 0 0.999963
3724.93 0.999964 0 0.999964
3751.01 0.999964 0 0.999964
3777.27 0.999965 0 0.999965
3803.71 0.999965 0 0.999965
3830.33 0.999966 0 0.999966
3857.15 0.999966 0 0.999966
3884.15 0.999967 0 0.999967
3911.33 0.999967 0 0.999967
3938.71 0.999968 0 0.999968
3966.28 0.999968 0 0.999968
3994.05 0.999969 0 0.999969
4022.01 0.999969 0 0.999969
4050.16 0.999969 0 0.999969
4078.51 0.99997 0 0.99997
4107.06 0.99997 0 0.99997
4135.81 0.999971 0 0.999971
4164.76 0.999971 0 0.999971
4193.91 0.999972 0 0.999972
4223.27 0.999972 0 0.999972
4252.84 0.999972 0 0.999972
4282.61 0.999973 0 0.999973
4312.58 0.999973 0 0.999973
4342.77 0.999973 0 0.999973
4373.17 0.999974 0 0.999974
4403.78 0.999974 0 0.999974
4434.61 0.999975 0 0.999975
4465.65 0.999975 0 0.999975
4496.91 0.999975 0 0.999975
4528.39 0.999976 0 0.999976
4560.09 0.999976 0 0.999976
4592.01 0.999976 0 0.999976
4624.15 0.999977 0 0.999977
4656.52 0.999977 0 0.999977
4689.12 0.999977 0 0.999977
4721.94 0.999978 0 0.999978
4755 0.999978 0 0.999978
4788.28 0.999978 0 0.999978
4821.8 0.999979 0 0.999979
4855.55 0.999979 0 0.999979
4889.54 0.999979 0 0.999979
4923.77 0.999979 0 0.999979
4958.23 0.99998 0 0.99998
4992.94 0.99998 0 0.99998
5027.89 0.99998 0 0.99998
5063.09 0.999981 0 0.999981
5098.53 0.999981 0 0.999981
5134.22 0.999981 0 0.999981
5170.16 0.999981 0 0.999981
5206.35 0.999982 0 0.999982
5242.79 0.999982 0 0.999982
5279.49 0.999982 0 0.999982
5316.45 0.999982 0 0.999982
5353.66 0.999983 0 0.999983
5391.14 0.999983 0 0.999983
5428.88 0.999983 0 0.999983
5466.88 0.999983 0 0.999983
5505.15 0.999984 0 0.999984
5543.68 0.999984 0 0.999984
5582.49 0.999984 0 0.999984
5621.57 0.999984 0 0.999984
5660.92 0.999985 0 0.999985
5700.54 0.999985 0 0.999985
5740.45 0.999985 0 0.999985
5780.63 0.999985 0 0.999985
5821.1 0.999985 0 0.999985
5861.84 0.999986 0 0.999986
5902.88 0.999986 0 0.999986
5944.2 0.999986 0 0.999986
5985.81 0.999986 0 0.999986
6027.71 0.999986 0 0.999986
6069.9 0.999987 0 0.999987
6112.39 0.999987 0 0.999987
6155.18 0.999987 0 0.999987
6198.26 0.999987 0 0.999987
6241.65 0.999987 0 0.999987
6285.34 0.999987 0 0.999987
6329.34 0.999988 0 0.999988
6373.64 0.999988 0 0.999988
6418.26 0.999988 0 0.999988
6463.19 0.999988 0 0.999988
6508.43 0.999988 0 0.999988
6553.99 0.999989 0 0.999989
6599.87 0.999989 0 0.999989
6646.07 0.999989 0 0.999989
6692.59 0.999989 0 0.999989
6739.44 0.999989 0 0.999989
6786.61 0.999989 0 0.999989
6834.12 0.999989 0 0.999989
6881.96 0.99999 0 0.99999
6930.13 0.99999 0 0.99999
6978.64 0.99999 0 0.99999
7027.49 0.99999 0 0.99999
7076.69 0.99999 0 0.99999
7126.22 0.99999 0 0.99999
7176.11 0.99999 0 0.99999
7226.34 0.999991 0 0.999991
7276.92 0.999991 0 0.999991
7327.86 0.999991 0 0.999991
7379.16 0.999991 0 0.999991
7430.81 0.999991 0 0.999991
7482.83 0.999991 0 0.999991
7535.21 0.999991 0 0.999991
7587.95 0.999991 0 0.999991
7641.07 0.999992 0 0.999992
7694.56 0.999992 0 0.999992
7748.42 0.999992 0 0.999992
7802.66 0.999992 0 0.999992
7857.28 0.999992 0 0.999992
7912.28 0.999992 0 0.999992
7967.66 0.999992 0 0.999992
8023.44 0.999992 0 0.999992
8079.6 0.999992 0 0.999992
8136.16 0.999993 0 0.999993
8193.11 0.999993 0 0.999993
8250.46 0.999993 0 0.999993
8308.22 0.999993 0 0.999993
8366.37 0.999993 0 0.999993
8424.94 0.999993 0 0.999993
8483.91 0.999993 0 0.999993
8543.3 0.999993 0 0.999993
8603.1 0.999993 0 0.999993
8663.32 0.999993 0 0.999993
8723.97 0.999994 0 0.999994
8785.04 0.999994 0 0.999994
8846.53 0.999994 0 0.999994
8908.46 0.999994 0 0.999994
8970.82 0.999994 0 0.999994
9033.61 0.999994 0 0.999994
9096.85 0.999994 0 0.999994
9160.52 0.999994 0 0.999994
9224.65 0.999994 0 0.999994
9289.22 0.999994 0 0.999994
9354.24 0.999994 0 0.999994
9419.72 0.999995 0 0.999995
9485.66 0.999995 0 0.999995
9552.06 0.999995 0 0.999995
9618.93 0.999995 0 0.999995
9686.26 0.999995 0 0.999995
9754.06 0.999995 0 0.999995
9822.34 0.999995 0 0.999995
9891.1 0.999995 0 0.999995
9960.34 0.999995 0 0.999995
10030.1 0.999995 0 0.999995
10100.3 0.999995 0 0.999995
10171 0.999995 0 0.999995
10242.2 0.999995 0 0.999995
10313.9 0.999995 0 0.999995
10386.1 0.999995 0 0.999995
10458.8 0.999996 0 0.999996
10532 0.999996 0 0.999996
10605.7 0.999996 0 0.999996
10679.9 0.999996 0 0.999996
10754.7 0.999996 0 0.999996
10830 0.999996 0 0.999996
10905.8 0.999996 0 0.999996
10982.1 0.999996 0 0.999996
11059 0.999996 0 0.999996
11136.4 0.999996 0 0.999996
11214.4 0.999996 0 0.999996
11292.9 0.999996 0 0.999996
11371.9 0.999996 0 0.999996
11451.5 0.999996 0 0.999996
11531.7 0.999996 0 0.999996
11612.4 0.999996 0 0.999996
11693.7 0.999996 0 0.999996
11775.6 0.999997 0 0.999997
11858 0.999997 0 0.999997
11941 0.999997 0 0.999997
12024.6 0.999997 0 0.999997
12108.7 0.999997 0 0.999997
12193.5 0.999997 0 0.999997
12278.9 0.999997 0 0.999997
12364.8 0.999997 0 0.999997
12451.4 0.999997 0 0.999997
12538.5 0.999997 0 0.999997
12626.3 0.999997 0 0.999997
12714.7 0.999997 0 0.999997
12803.7 0.999997 0 0.999997
12893.3 0.999997 0 0.999997
12983.6 0.999997 0 0.999997
13074.4 0.999997 0 0.999997
13166 0.999997 0 0.999997
13258.1 0.999997 0 0.999997
13350.9 0.999997 0 0.999997
13444.4 0.999997 0 0.999997
13538.5 0.999997 0 0.999997
13633.3 0.999997 0 0.999997
13728.7 0.999997 0 0.999997
13824.8 0.999997 0 0.999997
13921.6 0.999998 0 0.999998
14019 0.999998 0 0.999998
14117.2 0.999998 0 0.999998
14216 0.999998 0 0.999998
14315.5 0.999998 0 0.999998
14415.7 0.999998 0 0.999998
14516.6 0.999998 0 0.999998
14618.2 0.999998 0 0.999998
14720.6 0.999998 0 0.999998
14823.6 0.999998 0 0.999998
14927.4 0.999998 0 0.999998
15031.9 0.999998 0 0.999998
15137.1 0.999998 0 0.999998
15243 0.999998 0 0.999998
15349.7 0.999998 0 0.999998
15457.2 0.999998 0 0.999998
15565.4 0.999998 0 0.999998
15674.4 0.999998 0 0.999998
15784.1 0.999998 0 0.999998
15894.6 0.999998 0 0.999998
16005.8 0.999998 0 0.999998
16117.9 0.999998 0 0.999998
16230.7 0.999998 0 0.999998
16344.3 0.999998 0 0.999998
16458.7 0.999998 0 0.999998
16573.9 0.999998 0 0.999998
16689.9 0.999998 0 0.999998
16806.8 0.999998 0 0.999998
16924.4 0.999998 0 0.999998
17042.9 0.999998 0 0.999998
17162.2 0.999998 0 0.999998
17282.3 0.999998 0 0.999998
17403.3 0.999998 0 0.999998
17525.1 0.999998 0 0.999998
17647.8 0.999998 0 0.999998
17771.3 0.999998 0 0.999998
17895.7 0.999999 0 0.999999
18021 0.999999 0 0.999999
18147.2 0.999999 0 0.999999
18274.2 0.999999 0 0.999999
18402.1 0.999999 0 0.999999
18530.9 0.999999 0 0.999999
18660.6 0.999999 0 0.999999
18791.3 0.999999 0 0.999999
18922.8 0.999999 0 0.999999
19055.3 0.999999 0 0.999999
19188.6 0.999999 0 0.999999
19323 0.999999 0 0.999999
19458.2 0.999999 0 0.999999
19594.4 0.999999 0 0.999999
19731.6 0.999999 0 0.999999
19869.7 0.999999 0 0.999999
20008.8 0.999999 0 0.999999
20148.9 0.999999 0 0.999999
20289.9 0.999999 0 0.999999
20431.9 0.999999 0 0.999999
20575 0.999999 0 0.999999
20719 0.999999 0 0.999999
20864 0.999999 0 0.999999
21010.1 0.999999 0 0.999999
21157.1 0.999999 0 0.999999
21305.2 0.999999 0 0.999999
21454.4 0.999999 0 0.999999
21604.5 0.999999 0 0.999999
21755.8 0.999999 0 0.999999
21908.1 0.999999 0 0.999999
22061.4 0.999999 0 0.999999
22215.9 0.999999 0 0.999999
22371.4 0.999999 0 0.999999
22528 0.999999 0 0.999999
22685.7 0.999999 0 0.999999
22844.5 0.999999 0 0.999999
23004.4 0.999999 0 0.999999
23165.4 0.999999 0 0.999999
23327.6 0.999999 0 0.999999
23490.9 0.999999 0 0.999999
23655.3 0.999999 0 0.999999
23820.9 0.999999 0 0.999999
23987.6 0.999999 0 0.999999
24155.5 0.999999 0 0.999999
24324.6 0.999999 0 0.999999
24494.9 0.999999 0 0.999999
24666.4 0.999999 0 0.999999
24839 0.999999 0 0.999999
25012.9 0.999999 0 0.999999
25188 0.999999 0 0.999999
25364.3 0.999999 0 0.999999
25541.9 0.999999 0 0.999999
25720.7 0.999999 0 0.999999
25900.7 0.999999 0 0.999999
26082 0.999999 0 0.999999
26264.6 0.999999 0 0.999999
26448.4 0.999999 0 0.999999
26633.6 0.999999 0 0.999999
26820 0.999999 0 0.999999
27007.7 0.999999 0 0.999999
27196.8 0.999999 0 0.999999
27387.2 0.999999 0 0.999999
27578.9 0.999999 0 0.999999
27771.9 0.999999 0 0.999999
27966.3 0.999999 0 0.999999
28162.1 0.999999 0 0.999999
28359.2 0.999999 0 0.999999
28557.8 0.999999 0 0.999999
28757.7 0.999999 0 0.999999
28959 0.999999 0 0.999999
29161.7 0.999999 0 0.999999
29365.8 0.999999 0 0.999999
29571.4 0.999999 0 0.999999
29778.4 0.999999 0 0.999999
29986.8 0.999999 0 0.999999
30196.7 0.999999 0 0.999999
30408.1 0.999999 0 0.999999
30621 1 0 1
30835.3 1 0 1
31051.1 1 0 1
31268.5 1 0 1
31487.4 1 0 1
31707.8 1 0 1
31929.8 1 0 1
32153.3 1 0 1
32378.3 1 0 1
32605 1 0 1
32833.2 1 0 1
33063 1 0 1
33294.5 1 0 1
33527.6 1 0 1
33762.2 1 0 1
33998.6 1 0 1
34236.6 1 0 1
34476.2 1 0 1
34717.6 1 0 1
34960.6 1 0 1
35205.3 1 0 1
35451.7 1 0 1
35699.9 1 0 1
35949.8 1 0 1
36201.5 1 0 1
36454.9 1 0 1
36710 1 0 1
36967 1 0 1
37225.8 1 0 1
37486.4 1 0 1
37748.8 1 0 1
38013 1 0 1
38279.1 1 0 1
38547.1 1 0 1
38816.9 1 0 1
39088.6 1 0 1
39362.2 1 0 1
39637.8 1 0 1
39915.2 1 0 1
40194.6 1 0 1
40476 1 0 1
40759.3 1 0 1
41044.6 1 0 1
41332 1 0 1
41621.3 1 0 1
41912.6 1 0 1
42206 1 0 1
42501.5 1 0 1
42799 1 0 1
43098.6 1 0 1
43400.3 1 0 1
43704.1 1 0 1
44010 1 0 1
44318.1 1 0 1
44628.3 1 0 1
44940.7 1 0 1
45255.3 1 0 1
45572 1 0 1
45891.1 1 0 1
46212.3 1 0 1
46535.8 1 0 1
46861.5 1 0 1
47189.6 1 0 1
47519.9 1 0 1
47852.5 1 0 1
48187.5 1 0 1
48524.8 1 0 1
48864.5 1 0 1
49206.5 1 0 1
49551 1 0 1
49897.8 1 0 1
50247.1 1 0 1
50598.8 1 0 1
50953 1 0 1
51309.7 1 0 1
51668.9 1 0 1
52030.6 1 0 1
52394.8 1 0 1
52761.5 1 0 1
53130.9 1 0 1
53502.8 1 0 1
53877.3 1 0 1
54254.4 1 0 1
54634.2 1 0 1
55016.7 1 0 1
55401.8 1 0 1
55789.6 1 0 1
56180.1 1 0 1
56573.4 1 0 1
56969.4 1 0 1
57368.2 1 0 1
57769.8 1 0 1
58174.1 1 0 1
58581.4 1 0 1
58991.4 1 0 1
59404.4 1 0 1
59820.2 1 0 1
60238.9 1 0 1
60660.6 1 0 1
61085.2 1 0 1
61512.8 1 0 1
61943.4 1 0 1
62377 1 0 1
62813.7 1 0 1
63253.4 1 0 1
63696.1 1 0 1
64142 1 0 1
64591 1 0 1
65043.1 1 0 1
65498.4 1 0 1
65956.9 1 0 1
66418.6 1 0 1
66883.6 1 0 1
67351.8 1 0 1
67823.2 1 0 1
68298 1 0 1
68776.1 1 0 1
69257.5 1 0 1
69742.3 1 0 1
70230.5 1 0 1
70722.1 1 0 1
71217.2 1 0 1
71715.7 1 0 1
72217.7 1 0 1
72723.2 1 0 1
73232.3 1 0 1
73744.9 1 0 1
74261.1 1 0 1
74780.9 1 0 1
75304.4 1 0 1
75831.5 1 0 1
76362.4 1 0 1
76896.9 1 0 1
77435.2 1 0 1
77977.2 1 0 1
78523.1 1 0 1
79072.7 1 0 1
79626.2 1 0 1
80183.6 1 0 1
80744.9 1 0 1
81310.1 1 0 1
81879.3 1 0 1
82452.4 1 0 1
83029.6 1 0 1
83610.8 1 0 1
84196.1 1 0 1
84785.5 1 0 1
85379 1 0 1
85976.6 1 0 1
86578.5 1 0 1
87184.5 1 0 1
87794.8 1 0 1
88409.4 1 0 1
89028.2 1 0 1
89651.4 1 0 1
90279 1 0 1
90910.9 1 0 1
91547.3 1 0 1
92188.1 1 0 1
92833.5 1 0 1
93483.3 1 0 1
94137.7 1 0 1
94796.6 1 0 1
95460.2 1 0 1
96128.4 1 0 1
96801.3 1 0 1
97478.9 1 0 1
98161.3 1 0 1
98848.4 1 0 1
99540.4 1 0 1
100237 1 0 1
100939 1 0 1
101645 1 0 1
102357 1 0 1
103073 1 0 1
103795 1 0 1
104521 1 0 1
105253 1 0 1
105990 1 0 1
106732 1 0 1
107479 1 0 1
108231 1 0 1
108989 1 0 1
109752 1 0 1
110520 1 0 1
111294 1 0 1
112073 1 0 1
112857 1 0 1
113647 1 0 1
114443 1 0 1
115244 1 0 1
116051 1 0 1
116863 1 0 1
117681 1 0 1
118505 1 0 1
119334 1 0 1
120170 1 0 1
121011 1 0 1
121858 1 0 1
122711 1 0 1
123570 1 0 1
124435 1 0 1
125306 1 0 1
126183 1 0 1
127066 1 0 1
127956 1 0 1
128852 1 0 1
129754 1 0 1
130662 1 0 1
131576 1 0 1
132497 1 0 1
133425 1 0 1
134359 1 0 1
135299 1 0 1
136247 1 0 1
137200 1 0 1
138161 1 0 1
139128 1 0 1
140102 1 0 1
141082 1 0 1
142070 1 0 1
143064 1 0 1
144066 1 0 1
145074 1 0 1
146090 1 0 1
147113 1 0 1
148142 1 0 1
149179 1 0 1
150224 1 0 1
151275 1 0 1
152334 1 0 1
153400 1 0 1
154474 1 0 1
155555 1 0 1
156644 1 0 1
157741 1 0 1
158845 1 0 1
159957 1 0 1
161077 1 0 1
162204 1 0 1
163340 1 0 1
164483 1 0 1
165634 1 0 1
166794 1 0 1
167961 1 0 1
169137 1 0 1
170321 1 0 1
171513 1 0 1
172714 1 0 1
173923 1 0 1
175140 1 0 1
176366 1 0 1
177601 1 0 1
178844 1 0 1
180096 1 0 1
181357 1 0 1
182626 1 0 1
183905 1 0 1
185192 1 0 1
186488 1 0 1
187794 1 0 1
189108 1 0 1
190432 1 0 1
191765 1 0 1
193107 1 0 1
194459 1 0 1
195820 1 0 1
197191 1 0 1
198571 1 0 1
199961 1 0 1
201361 1 0 1
202771 1 0 1
204190 1 0 1
205619 1 0 1
207059 1 0 1
208508 1 0 1
209968 1 0 1
211438 1 0 1
212918 1 0 1
214408 1 0 1
215909 1 0 1
217420 1 0 1
218942 1 0 1
220475 1 0 1
222018 1 0 1
223572 1 0 1
225137 1 0 1
226713 1 0 1
228300 1 0 1
229898 1 0 1
231508 1 0 1
233128 1 0 1
234760 1 0 1
236403 1 0 1
238058 1 0 1
239725 1 0 1
241403 1 0 1
243092 1 0 1
244794 1 0 1
246508 1 0 1
248233 1 0 1
249971 1 0 1
251721 1 0 1
253483 1 0 1
255257 1 0 1
257044 1 0 1
258843 1 0 1
260655 1 0 1
262480 1 0 1
264317 1 0 1
266167 1 0 1
268030 1 0 1
269907 1 0 1
271796 1 0 1
273699 1 0 1
275614 1 0 1
277544 1 0 1
279487 1 0 1
281443 1 0 1
283413 1 0 1
285397 1 0 1
287395 1 0 1
289406 1 0 1
291432 1 0 1
293472 1 0 1
295527 1 0 1
297595 1 0 1
299679 1 0 1
301776 1 0 1
303889 1 0 1
306016 1 0 1
308158 1 0 1
310315 1 0 1
312487 1 0 1
314675 1 0 1
316877 1 0 1
319096 1 0 1
321329 1 0 1
323579 1 0 1
325844 1 0 1
328125 1 0 1
330421 1 0 1
332734 1 0 1
335064 1 0 1
337409 1 0 1
339771 1 0 1
342149 1 0 1
344544 1 0 1
346956 1 0 1
349385 1 0 1
351830 1 0 1
354293 1 0 1
356773 1 0 1
359271 1 0 1
361786 1 0 1
364318 1 0 1
366868 1 0 1
369436 1 0 1
372022 1 0 1
374627 1 0 1
377249 1 0 1
379890 1 0 1
382549 1 0 1
385227 1 0 1
387923 1 0 1
390639 1 0 1
393373 1 0 1
396127 1 0 1
398900 1 0 1
401692 1 0 1
404504 1 0 1
407336 1 0 1
410187 1 0 1
413058 1 0 1
415950 1 0 1
418861 1 0 1
421793 1 0 1
424746 1 0 1
427719 1 0 1
430713 1 0 1
433728 1 0 1
436764 1 0 1
439822 1 0 1
442900 1 0 1
446001 1 0 1
449123 1 0 1
452266 1 0 1
455432 1 0 1
458620 1 0 1
461831 1 0 1
465063 1 0 1
468319 1 0 1
471597 1 0 1
474898 1 0 1
478223 1 0 1
481570 1 0 1
484941 1 0 1
488336 1 0 1
491754 1 0 1
495196 1 0 1
498663 1 0 1
502153 1 0 1
505668 1 0 1
509208 1 0 1
512773 1 0 1
516362 1 0 1
519977 1 0 1
523616 1 0 1
527282 1 0 1
530973 1 0 1
534689 1 0 1
538432 1 0 1
542201 1 0 1
545997 1 0 1
549819 1 0 1
553667 1 0 1
557543 1 0 1
561446 1 0 1
565376 1 0 1
569334 1 0 1
573319 1 0 1
577332 1 0 1
581374 1 0 1
585443 1 0 1
589541 1 0 1
593668 1 0 1
597824 1 0 1
602009 1 0 1
606223 1 0 1
610466 1 0 1
614739 1 0 1
619043 1 0 1
623376 1 0 1
627740 1 0 1
632134 1 0 1
636559 1 0 1
641015 1 0 1
645502 1 0 1
650020 1 0 1
654570 1 0 1
659152 1 0 1
663766 1 0 1
668413 1 0 1
673092 1 0 1
677803 1 0 1
682548 1 0 1
687326 1 0 1
692137 1 0 1
696982 1 0 1
701861 1 0 1
706774 1 0 1
711721 1 0 1
716703 1 0 1
721720 1 0 1
726772 1 0 1
731860 1 0 1
736983 1 0 1
742142 1 0 1
747337 1 0 1
752568 1 0 1
757836 1 0 1
763141 1 0 1
768483 1 0 1
773862 1 0 1
779279 1 0 1
784734 1 0 1
790227 1 0 1
795759 1 0 1
801329 1 0 1
806938 1 0 1
812587 1 0 1
818275 1 0 1
824003 1 0 1
829771 1 0 1
835579 1 0 1
841429 1 0 1
847319 1 0 1
853250 1 0 1
859223 1 0 1
865237 1 0 1
871294 1 0 1
877393 1 0 1
883535 1 0 1
889719 1 0 1
895947 1 0 1
902219 1 0 1
908534 1 0 1
914894 1 0 1
921298 1 0 1
927748 1 0 1
934242 1 0 1
940782 1 0 1
947367 1 0 1
953999 1 0 1
960677 1 0 1
967401 1 0 1
974173 1 0 1
980992 1 0 1
987859 1 0 1
994774 1 0 1
1.00174e+06 1 0 1
1.00875e+06 1 0 1
1.01581e+06 1 0 1
1.02292e+06 1 0 1
1.03008e+06 1 0 1
1.03729e+06 1 0 1
1.04455e+06 1 0 1
1.05187e+06 1 0 1
1.05923e+06 1 0 1
1.06664e+06 1 0 1
1.07411e+06 1 0 1
1.08163e+06 1 0 1
1.0892e+06 1 0 1
1.09682e+06 1 0 1
1.1045e+06 1 0 1
1.11223e+06 1 0 1
1.12002e+06 1 0 1
1.12786e+06 1 0 1
1.13575e+06 1 0 1
1.1437e+06 1 0 1
1.15171e+06 1 0 1
1.15977e+06 1 0 1
1.16789e+06 1 0 1
1.17607e+06 1 0 1
1.1843e+06 1 0 1
1.19259e+06 1 0 1
1.20094e+06 1 0 1
1.20934e+06 1 0 1
1.21781e+06 1 0 1
1.22633e+06 1 0 1
1.23492e+06 1 0 1
1.24356e+06 1 0 1
1.25227e+06 1 0 1
1.26103e+06 1 0 1
1.26986e+06 1 0 1
1.27875e+06 1 0 1
1.2877e+06 1 0 1
1.29671e+06 1 0 1
1.30579e+06 1 0 1
1.31493e+06 1 0 1
1.32414e+06 1 0 1
1.33341e+06 1 0 1
1.34274e+06 1 0 1
1.35214e+06 1 0 1
1.3616e+06 1 0 1
1.37113e+06 1 0 1
1.38073e+06 1 0 1
1.3904e+06 1 0 1
1.40013e+06 1 0 1
1.40993e+06 1 0 1
1.4198e+06 1 0 1
1.42974e+06 1 0 1
1.43975e+06 1 0 1
1.44983e+06 1 0 1
1.45997e+06 1 0 1
1.47019e+06 1 0 1
1.48049e+06 1 0 1
1.49085e+06 1 0 1
1.50129e+06 1 0 1
1.51179e+06 1 0 1
1.52238e+06 1 0 1
1.53303e+06 1 0 1
1.54376e+06 1 0 1
1.55457e+06 1 0 1
1.56545e+06 1 0 1
1.57641e+06 1 0 1
1.58745e+06 1 0 1
1.59856e+06 1 0 1
1.60975e+06 1 0 1
1.62102e+06 1 0 1
1.63236e+06 1 0 1
1.64379e+06 1 0 1
1.6553e+06 1 0 1
1.66688e+06 1 0 1
1.67855e+06 1 0 1
1.6903e+06 1 0 1
1.70213e+06 1 0 1
1.71405e+06 1 0 1
1.72605e+06 1 0 1
1.73813e+06 1 0 1
1.7503e+06 1 0 1
1.76255e+06 1 0 1
1.77489e+06 1 0 1
1.78731e+06 1 0 1
1.79982e+06 1 0 1
1.81242e+06 1 0 1
1.82511e+06 1 0 1
1.83788e+06 1 0 1
1.85075e+06 1 0 1
1.8637e+06 1 0 1
1.87675e+06 1 0 1
1.88989e+06 1 0 1
1.90312e+06 1 0 1
1.91644e+06 1 0 1
1.92985e+06 1 0 1
1.94336e+06 1 0 1
1.95697e+06 1 0 1
1.97066e+06 1 0 1
1.98446e+06 1 0 1
1.99835e+06 1 0 1
2.01234e+06 1 0 1
2.02642e+06 1 0 1
2.04061e+06 1 0 1
2.05489e+06 1 0 1
2.06928e+06 1 0 1
2.08376e+06 1 0 1
2.09835e+06 1 0 1
2.11304e+06 1 0 1
2.12783e+06 1 0 1
2.14272e+06 1 0 1
2.15772e+06 1 0 1
2.17283e+06 1 0 1
2.18804e+06 1 0 1
2.20335e+06 1 0 1
2.21878e+06 1 0 1
2.23431e+06 1 0 1
2.24995e+06 1 0 1
2.2657e+06 1 0 1
2.28156e+06 1 0 1
2.29753e+06 1 0 1
2.31361e+06 1 0 1
2.32981e+06 1 0 1
2.34612e+06 1 0 1
2.36254e+06 1 0 1
2.37908e+06 1 0 1
2.39573e+06 1 0 1
2.4125e+06 1 0 1
2.42939e+06 1 0 1
2.44639e+06 1 0 1
2.46352e+06 1 0 1
2.48076e+06 1 0 1
2.49813e+06 1 0 1
2.51561e+06 1 0 1
2.53322e+06 1 0 1
2.55096e+06 1 0 1
2.56881e+06 1 0 1
2.58679e+06 1 0 1
2.6049e+06 1 0 1
2.62314e+06 1 0 1
2.6415e+06 1 0 1
2.65999e+06 1 0 1
2.67861e+06 1 0 1
2.69736e+06 1 0 1
2.71624e+06 1 0 1
2.73525e+06 1 0 1
2.7544e+06 1 0 1
2.77368e+06 1 0 1
2.7931e+06 1 0 1
2.81265e+06 1 0 1
2.83234e+06 1 0 1
2.85216e+06 1 0 1
2.87213e+06 1 0 1
2.89223e+06 1 0 1
2.91248e+06 1 0 1
2.93287e+06 1 0 1
2.9534e+06 1 0 1
2.97407e+06 1 0 1
2.99489e+06 1 0 1
3.01585e+06 1 0 1
3.03697e+06 1 0 1
3.05822e+06 1 0 1
3.07963e+06 1 0 1
3.10119e+06 1 0 1
3.1229e+06 1 0 1
3.14476e+06 1 0 1
3.16677e+06 1 0 1
3.18894e+06 1 0 1
3.21126e+06 1 0 1
3.23374e+06 1 0 1
3.25638e+06 1 0 1
3.27917e+06 1 0 1
3.30212e+06 1 0 1
3.32524e+06 1 0 1
3.34852e+06 1 0 1
3.37196e+06 1 0 1
3.39556e+06 1 0 1
3.41933e+06 1 0 1
3.44326e+06 1 0 1
3.46737e+06 1 0 1
3.49164e+06 1 0 1
3.51608e+06 1 0 1
3.54069e+06 1 0 1
3.56548e+06 1 0 1
3.59044e+06 1 0 1
3.61557e+06 1 0 1
3.64088e+06 1 0 1
3.66636e+06 1 0 1
3.69203e+06 1 0 1
3.71787e+06 1 0 1
3.7439e+06 1 0 1
3.7701e+06 1 0 1
3.7965e+06 1 0 1
3.82307e+06 1 0 1
3.84983e+06 1 0 1
3.87678e+06 1 0 1
3.90392e+06 1 0 1
3.93125e+06 1 0 1
3.95876e+06 1 0 1
3.98648e+06 1 0 1
4.01438e+06 1 0 1
4.04248e+06 1 0 1
4.07078e+06 1 0 1
4.09928e+06 1 0 1
4.12797e+06 1 0 1
4.15687e+06 1 0 1
4.18596e+06 1 0 1
4.21527e+06 1 0 1
4.24477e+06 1 0 1
4.27449e+06 1 0 1
4.30441e+06 1 0 1
4.33454e+06 1 0 1
4.36488e+06 1 0 1
4.39543e+06 1 0 1
4.4262e+06 1 0 1
4.45719e+06 1 0 1
4.48839e+06 1 0 1
4.5198e+06 1 0 1
4.55144e+06 1 0 1
4.5833e+06 1 0 1
4.61539e+06 1 0 1
4.64769e+06 1 0 1
4.68023e+06 1 0 1
4.71299e+06 1 0 1
4.74598e+06 1 0 1
4.7792e+06 1 0 1
4.81266e+06 1 0 1
4.84635e+06 1 0 1
4.88027e+06 1 0 1
4.91443e+06 1 0 1
4.94883e+06 1 0 1
4.98347e+06 1 0 1
5.01836e+06 1 0 1
5.05349e+06 1 0 1
5.08886e+06 1 0 1
5.12448e+06 1 0 1
5.16036e+06 1 0 1
5.19648e+06 1 0 1
5.23285e+06 1 0 1
5.26948e+06 1 0 1
5.30637e+06 1 0 1
5.34351e+06 1 0 1
5.38092e+06 1 0 1
5.41858e+06 1 0 1
5.45651e+06 1 0 1
5.49471e+06 1 0 1
5.53317e+06 1 0 1
5.57191e+06 1 0 1
5.61091e+06 1 0 1
5.65019e+06 1 0 1
5.68974e+06 1 0 1
5.72956e+06 1 0 1
5.76967e+06 1 0 1
5.81006e+06 1 0 1
5.85073e+06 1 0 1
5.89169e+06 1 0 1
5.93293e+06 1 0 1
5.97446e+06 1 0 1
6.01628e+06 1 0 1
6.05839e+06 1 0 1
6.1008e+06 1 0 1
6.14351e+06 1 0 1
6.18651e+06 1 0 1
6.22982e+06 1 0 1
6.27343e+06 1 0 1
6.31734e+06 1 0 1
6.36156e+06 1 0 1
6.40609e+06 1 0 1
6.45093e+06 1 0 1
6.49609e+06 1 0 1
6.54156e+06 1 0 1
6.58735e+06 1 0 1
6.63347e+06 1 0 1
6.6799e+06 1 0 1
6.72666e+06 1 0 1
6.77375e+06 1 0 1
6.82116e+06 1 0 1
6.86891e+06 1 0 1
6.91699e+06 1 0 1
6.96541e+06 1 0 1
7.01417e+06 1 0 1
7.06327e+06 1 0 1
7.11271e+06 1 0 1
7.1625e+06 1 0 1
7.21264e+06 1 0 1
7.26313e+06 1 0 1
7.31397e+06 1 0 1
7.36517e+06 1 0 1
7.41672e+06 1 0 1
7.46864e+06 1 0 1
7.52092e+06 1 0 1
7.57357e+06 1 0 1
7.62658e+06 1 0 1
7.67997e+06 1 0 1
7.73373e+06 1 0 1
7.78786e+06 1 0 1
7.84238e+06 1 0 1
7.89728e+06 1 0 1
7.95256e+06 1 0 1
8.00822e+06 1 0 1
8.06428e+06 1 0 1
8.12073e+06 1 0 1
8.17758e+06 1 0 1
8.23482e+06 1 0 1
8.29246e+06 1 0 1
8.35051e+06 1 0 1
8.40896e+06 1 0 1
8.46783e+06 1 0 1
8.5271e+06 1 0 1
8.58679e+06 1 0 1
8.6469e+06 1 0 1
8.70743e+06 1 0 1
8.76838e+06 1 0 1
8.82976e+06 1 0 1
8.89157e+06 1 0 1
8.95381e+06 1 0 1
9.01648e+06 1 0 1
9.0796e+06 1 0 1
9.14316e+06 1 0 1
9.20716e+06 1 0 1
9.27161e+06 1 0 1
9.33651e+06 1 0 1
9.40187e+06 1 0 1
9.46768e+06 1 0 1
9.53395e+06 1 0 1
9.60069e+06 1 0 1
9.6679e+06 1 0 1
9.73557e+06 1 0 1
9.80372e+06 1 0 1
9.87235e+06 1 0 1
9.94145e+06 1 0 1
1.0011e+07 1 0 1
1.00811e+07 1 0 1
1.01517e+07 1 0 1
1.02227e+07 1 0 1
1.02943e+07 1 0 1
1.03664e+07 1 0 1
1.04389e+07 1 0 1
1.0512e+07 1 0 1
1.05856e+07 1 0 1
1.06597e+07 1 0 1
1.07343e+07 1 0 1
1.08094e+07 1 0 1
1.08851e+07 1 0 1
1.09613e+07 1 0 1
1.1038e+07 1 0 1
1.11153e+07 1 0 1
1.11931e+07 1 0 1
1.12715e+07 1 0 1
1.13504e+07 1 0 1
1.14298e+07 1 0 1
1.15098e+07 1 0 1
1.15904e+07 1 0 1
1.16715e+07 1 0 1
1.17532e+07 1 0 1
1.18355e+07 1 0 1
1.19183e+07 1 0 1
1.20018e+07 1 0 1
1.20858e+07 1 0 1
1.21704e+07 1 0 1
1.22556e+07 1 0 1
1.23414e+07 1 0 1
1.24278e+07 1 0 1
1.25148e+07 1 0 1
1.26024e+07 1 0 1
1.26906e+07 1 0 1
1.27794e+07 1 0 1
1.28689e+07 1 0 1
1.29589e+07 1 0 1
1.30497e+07 1 0 1
1.3141e+07 1 0 1
1.3233e+07 1 0 1
1.33256e+07 1 0 1
1.34189e+07 1 0 1
1.35128e+07 1 0 1
1.36074e+07 1 0 1
1.37027e+07 1 0 1
1.37986e+07 1 0 1
1.38952e+07 1 0 1
1.39925e+07 1 0 1
1.40904e+07 1 0 1
1.4189e+07 1 0 1
1.42884e+07 1 0 1
1.43884e+07 1 0 1
1.44891e+07 1 0 1
1.45905e+07 1 0 1
1.46927e+07 1 0 1
1.47955e+07 1 0 1
1.48991e+07 1 0 1
1.50034e+07 1 0 1
1.51084e+07 1 0 1
1.52141e+07 1 0 1
1.53206e+07 1 0 1
1.54279e+07 1 0 1
1.55359e+07 1 0 1
1.56446e+07 1 0 1
1.57541e+07 1 0 1
1.58644e+07 1 0 1
1.59755e+07 1 0 1
1.60873e+07 1 0 1
1.61999e+07 1 0 1
1.63133e+07 1 0 1
1.64275e+07 1 0 1
1.65425e+07 1 0 1
1.66583e+07 1 0 1
1.67749e+07 1 0 1
1.68923e+07 1 0 1
1.70106e+07 1 0 1
1.71297e+07 1 0 1
1.72496e+07 1 0 1
1.73703e+07 1 0 1
1.74919e+07 1 0 1
1.76143e+07 1 0 1
1.77376e+07 1 0 1
1.78618e+07 1 0 1
1.79868e+07 1 0 1
1.81127e+07 1 0 1
1.82395e+07 1 0 1
1.83672e+07 1 0 1
1.84958e+07 1 0 1
1.86253e+07 1 0 1
1.87556e+07 1 0 1
1.88869e+07 1 0 1
1.90191e+07 1 0 1
1.91523e+07 1 0 1
1.92863e+07 1 0 1
1.94213e+07 1 0 1
1.95573e+07 1 0 1
1.96942e+07 1 0 1
1.9832e+07 1 0 1
1.99709e+07 1 0 1
2.01107e+07 1 0 1
2.02514e+07 1 0 1
2.03932e+07 1 0 1
2.05359e+07 1 0 1
2.06797e+07 1 0 1
2.08245e+07 1 0 1
2.09702e+07 1 0 1
2.1117e+07 1 0 1
2.12648e+07 1 0 1
2.14137e+07 1 0 1
2.15636e+07 1 0 1
2.17145e+07 1 0 1
2.18665e+07 1 0 1
2.20196e+07 1 0 1
2.21737e+07 1 0 1
2.2329e+07 1 0 1
2.24853e+07 1 0 1
2.26427e+07 1 0 1
2.28012e+07 1 0 1
2.29608e+07 1 0 1
2.31215e+07 1 0 1
2.32833e+07 1 0 1
2.34463e+07 1 0 1
2.36104e+07 1 0 1
2.37757e+07 1 0 1
2.39421e+07 1 0 1
2.41097e+07 1 0 1
2.42785e+07 1 0 1
2.44485e+07 1 0 1
2.46196e+07 1 0 1
2.47919e+07 1 0 1
2.49655e+07 1 0 1
2.51402e+07 1 0 1
2.53162e+07 1 0 1
2.54934e+07 1 0 1
2.56719e+07 1 0 1
2.58516e+07 1 0 1
2.60326e+07 1 0 1
2.62148e+07 1 0 1
2.63983e+07 1 0 1
2.65831e+07 1 0 1
2.67692e+07 1 0 1
2.69565e+07 1 0 1
2.71452e+07 1 0 1
2.73352e+07 1 0 1
2.75266e+07 1 0 1
2.77193e+07 1 0 1
2.79133e+07 1 0 1
2.81087e+07 1 0 1
2.83055e+07 1 0 1
2.85036e+07 1 0 1
2.87031e+07 1 0 1
2.89041e+07 1 0 1
2.91064e+07 1 0 1
2.93101e+07 1 0 1
2.95153e+07 1 0 1
2.97219e+07 1 0 1
2.993e+07 1 0 1
3.01395e+07 1 0 1
3.03504e+07 1 0 1
3.05629e+07 1 0 1
3.07768e+07 1 0 1
3.09923e+07 1 0 1
3.12092e+07 1 0 1
3.14277e+07 1 0 1
3.16477e+07 1 0 1
3.18692e+07 1 0 1
3.20923e+07 1 0 1
3.23169e+07 1 0 1
3.25432e+07 1 0 1
3.2771e+07 1 0 1
3.30004e+07 1 0 1
3.32314e+07 1 0 1
3.3464e+07 1 0 1
3.36982e+07 1 0 1
3.39341e+07 1 0 1
3.41717e+07 1 0 1
3.44109e+07 1 0 1
3.46517e+07 1 0 1
3.48943e+07 1 0 1
3.51386e+07 1 0 1
3.53845e+07 1 0 1
3.56322e+07 1 0 1
3.58816e+07 1 0 1
3.61328e+07 1 0 1
3.63858e+07 1 0 1
3.66405e+07 1 0 1
3.68969e+07 1 0 1
3.71552e+07 1 0 1
3.74153e+07 1 0 1
3.76772e+07 1 0 1
3.79409e+07 1 0 1
3.82065e+07 1 0 1
3.8474e+07 1 0 1
3.87433e+07 1 0 1
3.90145e+07 1 0 1
3.92876e+07 1 0 1
3.95626e+07 1 0 1
3.98396e+07 1 0 1
4.01184e+07 1 0 1
4.03993e+07 1 0 1
4.06821e+07 1 0 1
4.09668e+07 1 0 1
4.12536e+07 1 0 1
4.15424e+07 1 0 1
4.18332e+07 1 0 1
4.2126e+07 1 0 1
4.24209e+07 1 0 1
4.27178e+07 1 0 1
4.30169e+07 1 0 1
4.3318e+07 1 0 1
4.36212e+07 1 0 1
4.39265e+07 1 0 1
4.4234e+07 1 0 1
4.45437e+07 1 0 1
4.48555e+07 1 0 1
4.51695e+07 1 0 1
4.54856e+07 1 0 1
4.5804e+07 1 0 1
4.61247e+07 1 0 1
4.64475e+07 1 0 1
4.67727e+07 1 0 1
4.71001e+07 1 0 1
4.74298e+07 1 0 1
4.77618e+07 1 0 1
4.80961e+07 1 0 1
4.84328e+07 1 0 1
4.87718e+07 1 0 1
4.91132e+07 1 0 1
4.9457e+07 1 0 1
4.98032e+07 1 0 1
5.01519e+07 1 0 1
5.05029e+07 1 0 1
5.08564e+07 1 0 1
5.12124e+07 1 0 1
5.15709e+07 1 0 1
5.19319e+07 1 0 1
5.22954e+07 1 0 1
5.26615e+07 1 0 1
5.30301e+07 1 0 1
5.34013e+07 1 0 1
5.37752e+07 1 0 1
5.41516e+07 1 0 1
5.45306e+07 1 0 1
5.49124e+07 1 0 1
5.52967e+07 1 0 1
5.56838e+07 1 0 1
5.60736e+07 1 0 1
5.64661e+07 1 0 1
5.68614e+07 1 0 1
5.72594e+07 1 0 1
5.76602e+07 1 0 1
5.80639e+07 1 0 1
5.84703e+07 1 0 1
5.88796e+07 1 0 1
5.92918e+07 1 0 1
5.97068e+07 1 0 1
6.01247e+07 1 0 1
6.05456e+07 1 0 1
6.09694e+07 1 0 1
6.13962e+07 1 0 1
6.1826e+07 1 0 1
6.22588e+07 1 0 1
6.26946e+07 1 0 1
6.31334e+07 1 0 1
6.35754e+07 1 0 1
6.40204e+07 1 0 1
6.44686e+07 1 0 1
6.49198e+07 1 0 1
6.53743e+07 1 0 1
6.58319e+07 1 0 1
6.62927e+07 1 0 1
6.67568e+07 1 0 1
6.72241e+07 1 0 1
6.76946e+07 1 0 1
6.81685e+07 1 0 1
6.86457e+07 1 0 1
6.91262e+07 1 0 1
6.96101e+07 1 0 1
7.00973e+07 1 0 1
7.0588e+07 1 0 1
7.10821e+07 1 0 1
7.15797e+07 1 0 1
7.20808e+07 1 0 1
7.25853e+07 1 0 1
7.30934e+07 1 0 1
7.36051e+07 1 0 1
7.41203e+07 1 0 1
7.46392e+07 1 0 1
7.51616e+07 1 0 1
7.56878e+07 1 0 1
7.62176e+07 1 0 1
7.67511e+07 1 0 1
7.72884e+07 1 0 1
7.78294e+07 1 0 1
7.83742e+07 1 0 1
7.89228e+07 1 0 1
7.94753e+07 1 0 1
8.00316e+07 1 0 1
8.05918e+07 1 0 1
8.1156e+07 1 0 1
8.17241e+07 1 0 1
8.22961e+07 1 0 1
8.28722e+07 1 0 1
8.34523e+07 1 0 1
8.40365e+07 1 0 1
8.46247e+07 1 0 1
8.52171e+07 1 0 1
8.58136e+07 1 0 1
8.64143e+07 1 0 1
8.70192e+07 1 0 1
8.76283e+07 1 0 1
8.82417e+07 1 0 1
8.88594e+07 1 0 1
8.94815e+07 1 0 1
9.01078e+07 1 0 1
9.07386e+07 1 0 1
9.13738e+07 1 0 1
9.20134e+07 1 0 1
9.26575e+07 1 0 1
9.33061e+07 1 0 1
9.39592e+07 1 0 1
9.46169e+07 1 0 1
9.52792e+07 1 0 1
9.59462e+07 1 0 1
9.66178e+07 1 0 1
9.72941e+07 1 0 1
9.79752e+07 1 0 1
9.8661e+07 1 0 1
9.93517e+07 1 0 1
1.00047e+08 1 0 1
1.00747e+08 1 0 1
1.01453e+08 1 0 1
1.02163e+08 1 0 1
1.02878e+08 1 0 1
1.03598e+08 1 0 1
1.04323e+08 1 0 1
1.05054e+08 1 0 1
1.05789e+08 1 0 1
1.06529e+08 1 0 1
1.07275e+08 1 0 1
1.08026e+08 1 0 1
1.08782e+08 1 0 1
1.09544e+08 1 0 1
1.10311e+08 1 0 1
1.11083e+08 1 0 1
1.1186e+08 1 0 1
1.12643e+08 1 0 1
1.13432e+08 1 0 1
1.14226e+08 1 0 1
1.15025e+08 1 0 1
1.15831e+08 1 0 1
1.16641e+08 1 0 1
1.17458e+08 1 0 1
1.1828e+08 1 0 1
1.19108e+08 1 0 1
1.19942e+08 1 0 1
1.20781e+08 1 0 1
1.21627e+08 1 0 1
1.22478e+08 1 0 1
1.23336e+08 1 0 1
1.24199e+08 1 0 1
1.25068e+08 1 0 1
1.25944e+08 1 0 1
1.26825e+08 1 0 1
1.27713e+08 1 0 1
1.28607e+08 1 0 1
1.29508e+08 1 0 1
1.30414e+08 1 0 1
1.31327e+08 1 0 1
1.32246e+08 1 0 1
1.33172e+08 1 0 1
1.34104e+08 1 0 1
1.35043e+08 1 0 1
1.35988e+08 1 0 1
1.3694e+08 1 0 1
1.37899e+08 1 0 1
1.38864e+08 1 0 1
1.39836e+08 1 0 1
1.40815e+08 1 0 1
1.41801e+08 1 0 1
1.42793e+08 1 0 1
1.43793e+08 1 0 1
1.44799e+08 1 0 1
1.45813e+08 1 0 1
1.46834e+08 1 0 1
1.47861e+08 1 0 1
1.48896e+08 1 0 1
1.49939e+08 1 0 1
1.50988e+08 1 0 1
1.52045e+08 1 0 1
1.5311e+08 1 0 1
1.54181e+08 1 0 1
1.55261e+08 1 0 1
1.56347e+08 1 0 1
1.57442e+08 1 0 1
1.58544e+08 1 0 1
1.59654e+08 1 0 1
1.60771e+08 1 0 1
1.61897e+08 1 0 1
1.6303e+08 1 0 1
1.64171e+08 1 0 1
1.6532e+08 1 0 1
1.66478e+08 1 0 1
1.67643e+08 1 0 1
1.68816e+08 1 0 1
1.69998e+08 1 0 1
1.71188e+08 1 0 1
1.72387e+08 1 0 1
1.73593e+08 1 0 1
1.74808e+08 1 0 1
1.76032e+08 1 0 1
1.77264e+08 1 0 1
1.78505e+08 1 0 1
1.79755e+08 1 0 1
1.81013e+08 1 0 1
1.8228e+08 1 0 1
1.83556e+08 1 0 1
1.84841e+08 1 0 1
1.86135e+08 1 0 1
1.87438e+08 1 0 1
1.8875e+08 1 0 1
1.90071e+08 1 0 1
1.91401e+08 1 0 1
1.92741e+08 1 0 1
1.9409e+08 1 0 1
1.95449e+08 1 0 1
1.96817e+08 1 0 1
1.98195e+08 1 0 1
1.99582e+08 1 0 1
2.00979e+08 1 0 1
2.02386e+08 1 0 1
2.03803e+08 1 0 1
2.0523e+08 1 0 1
2.06666e+08 1 0 1
2.08113e+08 1 0 1
2.0957e+08 1 0 1
2.11037e+08 1 0 1
2.12514e+08 1 0 1
2.14002e+08 1 0 1
2.155e+08 1 0 1
2.17008e+08 1 0 1
2.18527e+08 1 0 1
2.20057e+08 1 0 1
2.21597e+08 1 0 1
2.23148e+08 1 0 1
2.2471e+08 1 0 1
2.26283e+08 1 0 1
2.27867e+08 1 0 1
2.29462e+08 1 0 1
2.31069e+08 1 0 1
2.32686e+08 1 0 1
2.34315e+08 1 0 1
2.35955e+08 1 0 1
2.37607e+08 1 0 1
2.3927e+08 1 0 1
2.40945e+08 1 0 1
2.42632e+08 1 0 1
2.4433e+08 1 0 1
2.4604e+08 1 0 1
2.47763e+08 1 0 1
2.49497e+08 1 0 1
2.51243e+08 1 0 1
2.53002e+08 1 0 1
2.54773e+08 1 0 1
2.56557e+08 1 0 1
2.58352e+08 1 0 1
2.60161e+08 1 0 1
2.61982e+08 1 0 1
2.63816e+08 1 0 1
2.65663e+08 1 0 1
2.67522e+08 1 0 1
2.69395e+08 1 0 1
2.71281e+08 1 0 1
2.7318e+08 1 0 1
2.75092e+08 1 0 1
2.77018e+08 1 0 1
2.78957e+08 1 0 1
2.80909e+08 1 0 1
2.82876e+08 1 0 1
2.84856e+08 1 0 1
2.8685e+08 1 0 1
2.88858e+08 1 0 1
2.9088e+08 1 0 1
2.92916e+08 1 0 1
2.94966e+08 1 0 1
2.97031e+08 1 0 1
2.9911e+08 1 0 1
3.01204e+08 1 0 1
3.03313e+08 1 0 1
3.05436e+08 1 0 1
3.07574e+08 1 0 1
3.09727e+08 1 0 1
3.11895e+08 1 0 1
3.14078e+08 1 0 1
3.16277e+08 1 0 1
3.18491e+08 1 0 1
3.2072e+08 1 0 1
3.22965e+08 1 0 1
3.25226e+08 1 0 1
3.27502e+08 1 0 1
3.29795e+08 1 0 1
3.32104e+08 1 0 1
3.34428e+08 1 0 1
3.36769e+08 1 0 1
3.39127e+08 1 0 1
3.41501e+08 1 0 1
3.43891e+08 1 0 1
3.46298e+08 1 0 1
3.48722e+08 1 0 1
3.51163e+08 1 0 1
3.53622e+08 1 0 1
3.56097e+08 1 0 1
3.5859e+08 1 0 1
3.611e+08 1 0 1
3.63627e+08 1 0 1
3.66173e+08 1 0 1
3.68736e+08 1 0 1
3.71317e+08 1 0 1
3.73916e+08 1 0 1
3.76534e+08 1 0 1
3.7917e+08 1 0 1
3.81824e+08 1 0 1
3.84496e+08 1 0 1
3.87188e+08 1 0 1
3.89898e+08 1 0 1
3.92628e+08 1 0 1
3.95376e+08 1 0 1
3.98144e+08 1 0 1
4.00931e+08 1 0 1
4.03737e+08 1 0 1
4.06563e+08 1 0 1
4.09409e+08 1 0 1
4.12275e+08 1 0 1
4.15161e+08 1 0 1
4.18067e+08 1 0 1
4.20994e+08 1 0 1
4.23941e+08 1 0 1
4.26908e+08 1 0 1
4.29897e+08 1 0 1
4.32906e+08 1 0 1
4.35936e+08 1 0 1
4.38988e+08 1 0 1
4.42061e+08 1 0 1
4.45155e+08 1 0 1
4.48271e+08 1 0 1
4.51409e+08 1 0 1
4.54569e+08 1 0 1
4.57751e+08 1 0 1
4.60955e+08 1 0 1
4.64182e+08 1 0 1
4.67431e+08 1 0 1
4.70703e+08 1 0 1
4.73998e+08 1 0 1
4.77316e+08 1 0 1
4.80657e+08 1 0 1
4.84022e+08 1 0 1
4.8741e+08 1 0 1
4.90822e+08 1 0 1
4.94258e+08 1 0 1
4.97717e+08 1 0 1
5.01201e+08 1 0 1
5.0471e+08 1 0 1
5.08243e+08 1 0 1
5.118e+08 1 0 1
5.15383e+08 1 0 1
5.18991e+08 1 0 1
5.22624e+08 1 0 1
5.26282e+08 1 0 1
5.29966e+08 1 0 1
5.33676e+08 1 0 1
5.37412e+08 1 0 1
5.41173e+08 1 0 1
5.44962e+08 1 0 1
5.48776e+08 1 0 1
5.52618e+08 1 0 1
5.56486e+08 1 0 1
5.60382e+08 1 0 1
5.64304e+08 1 0 1
5.68254e+08 1 0 1
5.72232e+08 1 0 1
5.76238e+08 1 0 1
5.80271e+08 1 0 1
5.84333e+08 1 0 1
5.88424e+08 1 0 1
5.92543e+08 1 0 1
5.9669e+08 1 0 1
6.00867e+08 1 0 1
6.05073e+08 1 0 1
6.09309e+08 1 0 1
6.13574e+08 1 0 1
6.17869e+08 1 0 1
6.22194e+08 1 0 1
6.26549e+08 1 0 1
6.30935e+08 1 0 1
6.35352e+08 1 0 1
6.39799e+08 1 0 1
6.44278e+08 1 0 1
6.48788e+08 1 0 1
6.53329e+08 1 0 1
6.57903e+08 1 0 1
6.62508e+08 1 0 1
6.67145e+08 1 0 1
6.71816e+08 1 0 1
6.76518e+08 1 0 1
6.81254e+08 1 0 1
6.86023e+08 1 0 1
6.90825e+08 1 0 1
6.95661e+08 1 0 1
7.0053e+08 1 0 1
7.05434e+08 1 0 1
7.10372e+08 1 0 1
7.15345e+08 1 0 1
7.20352e+08 1 0 1
7.25394e+08 1 0 1
7.30472e+08 1 0 1
7.35585e+08 1 0 1
7.40735e+08 1 0 1
7.4592e+08 1 0 1
7.51141e+08 1 0 1
7.56399e+08 1 0 1
7.61694e+08 1 0 1
7.67026e+08 1 0 1
7.72395e+08 1 0 1
7.77802e+08 1 0 1
7.83246e+08 1 0 1
7.88729e+08 1 0 1
7.9425e+08 1 0 1
7.9981e+08 1 0 1
8.05409e+08 1 0 1
8.11046e+08 1 0 1
8.16724e+08 1 0 1
8.22441e+08 1 0 1
8.28198e+08 1 0 1
8.33995e+08 1 0 1
8.39833e+08 1 0 1
8.45712e+08 1 0 1
8.51632e+08 1 0 1
8.57594e+08 1 0 1
8.63597e+08 1 0 1
8.69642e+08 1 0 1
8.75729e+08 1 0 1
8.81859e+08 1 0 1
8.88032e+08 1 0 1
8.94249e+08 1 0 1
9.00508e+08 1 0 1
9.06812e+08 1 0 1
9.1316e+08 1 0 1
9.19552e+08 1 0 1
9.25989e+08 1 0 1
9.32471e+08 1 0 1
9.38998e+08 1 0 1
9.45571e+08 1 0 1
9.5219e+08 1 0 1
9.58855e+08 1 0 1
9.65567e+08 1 0 1
9.72326e+08 1 0 1
9.79132e+08 1 0 1
9.85986e+08 1 0 1
9.92888e+08 1 0 1
9.99838e+08 1 0 1
1.00684e+09 1 0 1
1.01389e+09 1 0 1
1.02098e+09 1 0 1
1.02813e+09 1 0 1
1.03533e+09 1 0 1
1.04257e+09 1 0 1
1.04987e+09 1 0 1
1.05722e+09 1 0 1
1.06462e+09 1 0 1
1.07207e+09 1 0 1
1.07958e+09 1 0 1
1.08714e+09 1 0 1
1.09474e+09 1 0 1
1.10241e+09 1 0 1
1.11013e+09 1 0 1
1.1179e+09 1 0 1
1.12572e+09 1 0 1
1.1336e+09 1 0 1
1.14154e+09 1 0 1
1.14953e+09 1 0 1
1.15757e+09 1 0 1
1.16568e+09 1 0 1
1.17384e+09 1 0 1
1.18205e+09 1 0 1
1.19033e+09 1 0 1
1.19866e+09 1 0 1
1.20705e+09 1 0 1
1.2155e+09 1 0 1
1.22401e+09 1 0 1
1.23258e+09 1 0 1
1.2412e+09 1 0 1
1.24989e+09 1 0 1
1.25864e+09 1 0 1
1.26745e+09 1 0 1
1.27633e+09 1 0 1
1.28526e+09 1 0 1
1.29426e+09 1 0 1
1.30332e+09 1 0 1
1.31244e+09 1 0 1
1.32163e+09 1 0 1
1.33088e+09 1 0 1
1.34019e+09 1 0 1
1.34958e+09 1 0 1
1.35902e+09 1 0 1
1.36854e+09 1 0 1
1.37812e+09 1 0 1
1.38776e+09 1 0 1
1.39748e+09 1 0 1
1.40726e+09 1 0 1
1.41711e+09 1 0 1
1.42703e+09 1 0 1
1.43702e+09 1 0 1
1.44708e+09 1 0 1
1.45721e+09 1 0 1
1.46741e+09 1 0 1
1.47768e+09 1 0 1
1.48802e+09 1 0 1
1.49844e+09 1 0 1
1.50893e+09 1 0 1
1.51949e+09 1 0 1
1.53013e+09 1 0 1
1.54084e+09 0 0 0
