6.16687 1 111.801 2.78927e-49
6.21004 1 110.828 7.38198e-49
6.25351 1 109.841 1.98075e-48
6.29728 1 108.869 5.23479e-48
6.34136 1 107.864 1.42913e-47
6.38575 1 106.875 3.84276e-47
6.43045 1 105.867 1.05367e-46
6.47546 1 104.857 2.89201e-46
6.52079 1 103.837 8.01855e-46
6.56644 1 102.812 2.23462e-45
6.6124 1 101.785 6.23909e-45
6.65869 1 100.747 1.7619e-44
6.7053 1 99.7004 5.01957e-44
6.75224 1 98.6634 1.41593e-43
6.7995 1 97.6103 4.05858e-43
6.8471 1 96.5465 1.17597e-42
6.89503 1 95.4742 3.43616e-42
6.9433 1 94.4006 1.00544e-41
6.9919 1 93.3294 2.93461e-41
7.04084 1 92.2527 8.61287e-41
7.09013 1 91.1678 2.54875e-40
7.13976 1 90.0752 7.60019e-40
7.18974 1 88.9769 2.27947e-39
7.24007 1 87.8744 6.86479e-39
7.29075 1 86.7672 2.07722e-38
7.34178 1 85.6548 6.31847e-38
7.39317 1 84.5357 1.93477e-37
7.44493 1 83.4094 5.96698e-37
7.49704 1 82.2769 1.85188e-36
7.54952 1 81.1499 5.71513e-36
7.60237 1 80.0226 1.7645e-35
7.65558 1 78.8886 5.48447e-35
7.70917 1 77.7439 1.72287e-34
7.76314 1 76.5886 5.47024e-34
7.81748 1 75.447 1.71314e-33
7.8722 1 74.2954 5.4189e-33
7.92731 1 73.139 1.72234e-32
7.9828 1 71.9755 5.51357e-32
8.03868 1 70.815 1.7597e-31
8.09495 1 69.6582 5.59538e-31
8.15161 1 68.4803 1.81718e-30
8.20867 1 67.3252 5.76829e-30
8.26613 1 66.1442 1.87898e-29
8.324 1 64.9791 6.02463e-29
8.38226 1 63.8073 1.94463e-28
8.44094 1 62.6263 6.3349e-28
8.50003 1 61.4605 2.0326e-27
8.55953 1 60.2813 6.60971e-27
8.61944 1 59.0974 2.15942e-26
8.67978 1 57.9266 6.96309e-26
8.74054 1 56.7524 2.25283e-25
8.80172 1 55.5794 7.28097e-25
8.86333 1 54.4047 2.35683e-24
8.92538 1 53.2282 7.64375e-24
8.98786 1 52.0541 2.47277e-23
9.05077 1 50.884 7.96845e-23
9.11413 1 49.7168 2.56006e-22
9.17792 1 48.5507 8.21702e-22
9.24217 1 47.3845 2.63751e-21
9.30687 1 46.2265 8.39604e-21
9.37201 1 45.0637 2.6859e-20
9.43762 1 43.9137 8.48286e-20
9.50368 1 42.7654 2.67434e-19
9.57021 1 41.626 8.35725e-19
9.6372 1 40.4796 2.62989e-18
9.70466 1 39.3491 8.14515e-18
9.77259 1 38.2259 2.50446e-17
9.841 1 37.103 7.69753e-17
9.90989 1 35.9926 2.33671e-16
9.97926 1 34.8809 7.10251e-16
10.0491 1 33.7861 2.12271e-15
10.1195 1 32.6955 6.31698e-15
10.1903 1 31.614 1.86292e-14
10.2616 1 30.5467 5.4167e-14
10.3335 1 29.4845 1.56686e-13
10.4058 1 28.4318 4.48986e-13
10.4786 1 27.3951 1.26606e-12
10.552 1 26.3689 3.5329e-12
10.6258 1 25.3559 9.72888e-12
10.7002 1 24.3523 2.65418e-11
10.7751 1 23.3654 7.12107e-11
10.8506 1 22.3915 1.88585e-10
10.9265 1 21.434 4.9128e-10
11.003 1 20.4888 1.26424e-09
11.08 1 19.5663 3.18039e-09
11.1576 1 18.6552 7.90989e-09
11.2357 1 17.7599 1.93624e-08
11.3143 1 16.8876 4.63236e-08
11.3935 1 16.0361 1.08543e-07
11.4733 1 15.2005 2.5032e-07
11.5536 1 14.3858 5.65355e-07
11.6345 1 13.5933 1.24886e-06
11.7159 1 12.82 2.70609e-06
11.7979 1 12.0696 5.73128e-06
11.8805 1 11.3413 1.18727e-05
11.9637 1 10.64 2.39399e-05
12.0474 1 9.96044 4.72318e-05
12.1317 1 9.30276 9.11723e-05
12.2167 1 8.67403 0.00017097
12.3022 1 8.06674 0.000313803
12.3883 1 7.48908 0.000559156
12.475 1 6.93389 0.000974208
12.5623 1 6.40613 0.0016514
12.6503 1 5.90458 0.00272692
12.7388 1 5.42808 0.00439154
12.828 1 4.9775 0.00689125
12.9178 1 4.55268 0.0105389
13.0082 1 4.15351 0.0157092
13.0993 1 3.77918 0.0228415
13.191 1 3.4302 0.0323805
13.2833 1 3.10494 0.044827
13.3763 1 2.80245 0.0606613
13.4699 1 2.52151 0.0803382
13.5642 1 2.26422 0.103911
13.6592 1 2.02713 0.131713
13.7548 1 1.80926 0.163775
13.8511 1 1.61093 0.199702
13.948 1 1.43021 0.239259
14.0457 1 1.26571 0.282039
14.144 1 1.11743 0.327118
14.243 1 0.984187 0.373743
14.3427 1 0.864234 0.421374
14.4431 1 0.75675 0.469189
14.5442 1 0.66087 0.516402
14.646 1 0.575484 0.562433
14.7485 1 0.49948 0.606846
14.8518 1 0.432878 0.64864
14.9557 1 0.374096 0.687911
15.0604 1 0.322156 0.724585
15.1658 1 0.276905 0.758126
15.272 1 0.237226 0.788813
15.3789 1 0.202838 0.81641
15.4866 1 0.172824 0.841286
15.595 1 0.146831 0.86344
15.7041 1 0.124519 0.882921
15.8141 1 0.105246 0.900103
15.9248 1 0.0887019 0.915118
16.0362 1 0.074527 0.928182
16.1485 1 0.0623833 0.939523
16.2615 1 0.0521153 0.949219
16.3753 1 0.0434023 0.957526
16.49 1 0.0360023 0.964638
16.6054 1 0.0297728 0.970666
16.7216 1 0.0245295 0.975769
16.8387 1 0.0201459 0.980056
16.9566 1 0.0164732 0.983662
17.0753 1 0.0134143 0.986675
17.1948 1 0.0108947 0.989164
17.3152 1 0.0088066 0.991232
17.4364 1 0.00708829 0.992937
17.5584 1 0.00567679 0.994339
17.6813 1 0.00453001 0.99548
17.8051 1 0.00360054 0.996406
17.9297 1 0.00284495 0.997159
18.0552 1 0.00224 0.997763
18.1816 1 0.00175327 0.998248
18.3089 1 0.00136823 0.998633
18.4371 1 0.0010608 0.99894
18.5661 1 0.000819514 0.999181
18.6961 1 0.000629818 0.99937
18.8269 1 0.000481125 0.999519
18.9587 1 0.000367358 0.999633
19.0914 1 0.000278339 0.999722
19.2251 1 0.000210143 0.99979
19.3597 1 0.000157928 0.999842
19.4952 1 0.000117841 0.999882
19.6316 1 8.74949e-05 0.999913
19.7691 1 6.47626e-05 0.999935
19.9075 1 4.75215e-05 0.999952
20.0468 1 3.46213e-05 0.999965
20.1871 1 2.50314e-05 0.999975
20.3284 1 1.80553e-05 0.999982
20.4707 1 1.28584e-05 0.999987
20.614 1 9.07771e-06 0.999991
20.7583 1 6.32494e-06 0.999994
20.9036 1 4.34081e-06 0.999996
21.05 1 2.93417e-06 0.999997
21.1973 1 1.94288e-06 0.999998
21.3457 1 1.25276e-06 0.999999
21.4951 1 7.82769e-07 0.999999
21.6456 1 4.6726e-07 1
21.7971 1 2.58139e-07 1
21.9497 1 1.25968e-07 1
22.1033 1 4.82026e-08 1
22.2581 1 6.50045e-09 1
22.4139 1 0 1
