6.67037 1 106.958 3.53844e-47
6.71706 1 105.978 9.43042e-47
6.76408 1 104.999 2.51e-46
6.81143 1 104.01 6.74417e-46
6.85911 1 103.011 1.83236e-45
6.90712 1 102.007 4.99953e-45
6.95547 1 101.003 1.36487e-44
7.00416 1 99.9974 3.72982e-44
7.05319 1 98.9806 1.03098e-43
7.10256 1 97.9573 2.86873e-43
7.15228 1 96.9272 8.03641e-43
7.20235 1 95.8911 2.26477e-42
7.25276 1 94.8503 6.41271e-42
7.30353 1 93.8046 1.8246e-41
7.35466 1 92.7534 5.22044e-41
7.40614 1 91.6948 1.5047e-40
7.45798 1 90.6273 4.37583e-40
7.51019 1 89.5552 1.27844e-39
7.56276 1 88.4825 3.73712e-39
7.6157 1 87.4106 1.09157e-38
7.66901 1 86.3303 3.21536e-38
7.72269 1 85.243 9.53777e-38
7.77675 1 84.1524 2.83854e-37
7.83119 1 83.0502 8.54566e-37
7.88601 1 81.9556 2.55345e-36
7.94121 1 80.8493 7.71965e-36
7.9968 1 79.7462 2.32618e-35
8.05277 1 78.6241 7.1446e-35
8.10914 1 77.5197 2.15578e-34
8.16591 1 76.3885 6.68198e-34
8.22307 1 75.2733 2.03806e-33
8.28063 1 74.1463 6.29038e-33
8.33859 1 73.0164 1.947e-32
8.39696 1 71.8861 6.029e-32
8.45574 1 70.742 1.8929e-31
8.51493 1 69.6115 5.86307e-31
8.57454 1 68.471 1.83403e-30
8.63456 1 67.3285 5.74942e-30
8.695 1 66.1819 1.80951e-29
8.75587 1 65.0284 5.735e-29
8.81716 1 63.889 1.79206e-28
8.87888 1 62.7394 5.65776e-28
8.94103 1 61.5879 1.78938e-27
9.00362 1 60.44 5.63968e-27
9.06664 1 59.2894 1.78206e-26
9.13011 1 58.1315 5.67291e-26
9.19402 1 56.9804 1.79365e-25
9.25838 1 55.8249 5.69602e-25
9.32319 1 54.6696 1.80839e-24
9.38845 1 53.5244 5.68379e-24
9.45417 1 52.3752 1.7937e-23
9.52035 1 51.2282 5.64759e-23
9.58699 1 50.0741 1.79103e-22
9.6541 1 48.9313 5.61567e-22
9.72168 1 47.7923 1.75422e-21
9.78973 1 46.6472 5.51269e-21
9.85826 1 45.5128 1.71405e-20
9.92727 1 44.3716 5.36596e-20
9.99676 1 43.245 1.6556e-19
10.0667 1 42.1151 5.12461e-19
10.1372 1 40.9978 1.56628e-18
10.2082 1 39.8805 4.78782e-18
10.2796 1 38.7651 1.46058e-17
10.3516 1 37.6654 4.38656e-17
10.424 1 36.5673 1.31529e-16
10.497 1 35.4725 3.93074e-16
10.5705 1 34.3821 1.16956e-15
10.6445 1 33.3049 3.43453e-15
10.719 1 32.2364 9.99798e-15
10.794 1 31.1754 2.88874e-14
10.8696 1 30.1237 8.26878e-14
10.9457 1 29.0793 2.34981e-13
11.0223 1 28.0444 6.61393e-13
11.0994 1 27.0266 1.83019e-12
11.1771 1 26.0166 5.02496e-12
11.2554 1 25.0166 1.36589e-11
11.3342 1 24.0325 3.65445e-11
11.4135 1 23.0578 9.68546e-11
11.4934 1 22.1009 2.5217e-10
11.5739 1 21.1553 6.4917e-10
11.6549 1 20.2249 1.64599e-09
11.7365 1 19.3105 4.1072e-09
11.8186 1 18.4092 1.0115e-08
11.9013 1 17.5299 2.43714e-08
11.9846 1 16.6677 5.77155e-08
12.0685 1 15.8213 1.34552e-07
12.153 1 14.9944 3.07619e-07
12.2381 1 14.1893 6.88101e-07
12.3238 1 13.4005 1.51437e-06
12.41 1 12.6362 3.25223e-06
12.4969 1 11.8913 6.84963e-06
12.5844 1 11.1676 1.41239e-05
12.6725 1 10.4708 2.83525e-05
12.7612 1 9.795 5.57297e-05
12.8505 1 9.14295 0.000106972
12.9405 1 8.51524 0.000200391
13.031 1 7.91249 0.000366142
13.1223 1 7.33484 0.000652411
13.2141 1 6.78257 0.00113336
13.3066 1 6.25616 0.0019186
13.3998 1 5.75382 0.00317063
13.4936 1 5.28058 0.00508948
13.588 1 4.83243 0.00796716
13.6831 1 4.40847 0.0121738
13.7789 1 4.01207 0.0180958
13.8754 1 3.63954 0.0262645
13.9725 1 3.29241 0.0371643
14.0703 1 2.96986 0.0513105
14.1688 1 2.67031 0.0692309
14.268 1 2.39346 0.0913131
14.3678 1 2.13909 0.117762
14.4684 1 1.90591 0.148687
14.5697 1 1.69296 0.183974
14.6717 1 1.4993 0.223287
14.7744 1 1.32376 0.266132
14.8778 1 1.165 0.311922
14.982 1 1.02182 0.359938
15.0868 1 0.894135 0.408961
15.1924 1 0.779348 0.458705
15.2988 1 0.677964 0.507649
15.4059 1 0.587499 0.555715
15.5137 1 0.507675 0.601893
15.6223 1 0.43766 0.645545
15.7317 1 0.376008 0.686597
15.8418 1 0.322055 0.724658
15.9527 1 0.275079 0.759512
16.0643 1 0.234284 0.791137
16.1768 1 0.198915 0.81962
16.29 1 0.16831 0.845092
16.4041 1 0.142143 0.867497
16.5189 1 0.119649 0.887232
16.6345 1 0.100362 0.90451
16.751 1 0.0839778 0.919452
16.8682 1 0.0700276 0.932368
16.9863 1 0.0581907 0.94347
17.1052 1 0.0481928 0.95295
17.2249 1 0.0398166 0.960966
17.3455 1 0.0327706 0.967761
17.4669 1 0.0268641 0.973494
17.5892 1 0.021935 0.978304
17.7123 1 0.0178582 0.9823
17.8363 1 0.0144782 0.985626
17.9612 1 0.0116754 0.988392
18.0869 1 0.00939094 0.990653
18.2135 1 0.00750944 0.992519
18.341 1 0.005986 0.994032
18.4694 1 0.00474521 0.995266
18.5987 1 0.003743 0.996264
18.7289 1 0.00293658 0.997068
18.86 1 0.00229586 0.997707
18.992 1 0.00178348 0.998218
19.1249 1 0.00137984 0.998621
19.2588 1 0.00106201 0.998939
19.3936 1 0.000812377 0.999188
19.5294 1 0.000619249 0.999381
19.6661 1 0.000469448 0.999531
19.8037 1 0.000353743 0.999646
19.9424 1 0.000265516 0.999735
20.082 1 0.000198492 0.999802
20.2225 1 0.000147513 0.999852
20.3641 1 0.000109059 0.999891
20.5066 1 8.01349e-05 0.99992
20.6502 1 5.84729e-05 0.999942
20.7947 1 4.24718e-05 0.999958
20.9403 1 3.06757e-05 0.999969
21.0869 1 2.20059e-05 0.999978
21.2345 1 1.56347e-05 0.999984
21.3831 1 1.10332e-05 0.999989
21.5328 1 7.69907e-06 0.999992
21.6835 1 5.30887e-06 0.999995
21.8353 1 3.61508e-06 0.999996
21.9882 1 2.4189e-06 0.999998
22.1421 1 1.58782e-06 0.999998
22.2971 1 1.01459e-06 0.999999
22.4532 1 6.22728e-07 0.999999
22.6103 1 3.69291e-07 1
22.7686 1 2.0403e-07 1
22.928 1 1.01392e-07 1
23.0885 1 4.02058e-08 1
23.2501 1 7.21561e-09 1
23.4129 1 0 1
