6.16687 0.000442774 111.801 1.23502e-52
6.21004 0.000498823 110.828 3.6823e-52
6.25351 0.000560912 109.841 1.11103e-51
6.29728 0.000629681 108.869 3.29625e-51
6.34136 0.000705724 107.864 1.00857e-50
6.38575 0.000789672 106.875 3.03452e-50
6.43045 0.000882198 105.867 9.29542e-50
6.47546 0.000984016 104.857 2.84578e-49
6.52079 0.00109588 103.837 8.7874e-49
6.56644 0.00121861 102.812 2.72312e-48
6.6124 0.00135303 101.785 8.44166e-48
6.65869 0.00150005 100.747 2.64293e-47
6.7053 0.0016606 99.7004 8.33549e-47
6.75224 0.00183568 98.6634 2.59919e-46
6.7995 0.00202633 97.6103 8.22401e-46
6.8471 0.00223362 96.5465 2.62669e-45
6.89503 0.00245872 95.4742 8.44855e-45
6.9433 0.00270318 94.4006 2.71787e-44
6.9919 0.00296748 93.3294 8.70839e-44
7.04084 0.00325329 92.2527 2.80201e-43
7.09013 0.00356194 91.1678 9.07847e-43
7.13976 0.00389482 90.0752 2.96013e-42
7.18974 0.00425336 88.9769 9.69542e-42
7.24007 0.00463906 87.8744 3.18462e-41
7.29075 0.00505343 86.7672 1.04971e-40
7.34178 0.00549806 85.6548 3.47393e-40
7.39317 0.00597456 84.5357 1.15594e-39
7.44493 0.0064846 83.4094 3.86935e-39
7.49704 0.00702988 82.2769 1.30185e-38
7.54952 0.00761214 81.1499 4.35043e-38
7.60237 0.00823315 80.0226 1.45274e-37
7.65558 0.00889473 78.8886 4.87829e-37
7.70917 0.00959871 77.7439 1.65374e-36
7.76314 0.010347 76.5886 5.66004e-36
7.81748 0.0111426 75.447 1.90889e-35
7.8722 0.0119852 74.2954 6.49463e-35
7.92731 0.0128777 73.139 2.21797e-34
7.9828 0.0138222 71.9755 7.62096e-34
8.03868 0.0148206 70.815 2.60798e-33
8.09495 0.0158748 69.6582 8.88257e-33
8.15161 0.0169869 68.4803 3.08684e-32
8.20867 0.0181588 67.3252 1.04745e-31
8.26613 0.0193924 66.1442 3.64379e-31
8.324 0.0206897 64.9791 1.24648e-30
8.38226 0.0220526 63.8073 4.2884e-30
8.44094 0.0234829 62.6263 1.48762e-29
8.50003 0.0249827 61.4605 5.07798e-29
8.55953 0.0265536 60.2813 1.75511e-28
8.61944 0.0281975 59.0974 6.08902e-28
8.67978 0.0299161 57.9266 2.08309e-27
8.74054 0.031714 56.7524 7.14462e-27
8.80172 0.0335872 55.5794 2.44547e-26
8.86333 0.0355401 54.4047 8.3762e-26
8.92538 0.0375741 53.2282 2.87207e-25
8.98786 0.0396909 52.0541 9.81466e-25
9.05077 0.0418917 50.884 3.33812e-24
9.11413 0.0441779 49.7168 1.13098e-23
9.17792 0.0465507 48.5507 3.82508e-23
9.24217 0.0490112 47.3845 1.29267e-22
9.30687 0.0515604 46.2265 4.32903e-22
9.37201 0.0541994 45.0637 1.45574e-21
9.43762 0.0569288 43.9137 4.82919e-21
9.50368 0.0597495 42.7654 1.59791e-20
9.57021 0.0626621 41.626 5.23683e-20
9.6372 0.0656671 40.4796 1.72697e-19
9.70466 0.0687648 39.3491 5.601e-19
9.77259 0.0719556 38.2259 1.8021e-18
9.841 0.0752445 37.103 5.79196e-18
9.90989 0.0786215 35.9926 1.83715e-17
9.97926 0.0820916 34.8809 5.83056e-17
10.0491 0.0856545 33.7861 1.81819e-16
10.1195 0.0893098 32.6955 5.64168e-16
10.1903 0.0930571 31.614 1.73358e-15
10.2616 0.0968957 30.5467 5.24855e-15
10.3335 0.100825 29.4845 1.57978e-14
10.4058 0.104843 28.4318 4.70732e-14
10.4786 0.108951 27.3951 1.37938e-13
10.552 0.113145 26.3689 3.9973e-13
10.6258 0.117426 25.3559 1.14242e-12
10.7002 0.121791 24.3523 3.23255e-12
10.7751 0.126239 23.3654 8.98954e-12
10.8506 0.130768 22.3915 2.46608e-11
10.9265 0.135376 21.434 6.65077e-11
11.003 0.14007 20.4888 1.77082e-10
11.08 0.144831 19.5663 4.60618e-10
11.1576 0.149665 18.6552 1.18383e-09
11.2357 0.154569 17.7599 2.99283e-09
11.3143 0.159542 16.8876 7.39058e-09
11.3935 0.164581 16.0361 1.78641e-08
11.4733 0.169682 15.2005 4.24748e-08
11.5536 0.174844 14.3858 9.88489e-08
11.6345 0.180063 13.5933 2.24874e-07
11.7159 0.185336 12.82 5.01536e-07
11.7979 0.19066 12.0696 1.09273e-06
11.8805 0.196033 11.3413 2.32743e-06
11.9637 0.20145 10.64 4.82268e-06
12.0474 0.206908 9.96044 9.77265e-06
12.1317 0.212405 9.30276 1.93654e-05
12.2167 0.217936 8.67403 3.72603e-05
12.3022 0.223498 8.06674 7.01343e-05
12.3883 0.229096 7.48908 0.0001281
12.475 0.234709 6.93389 0.000228655
12.5623 0.240342 6.40613 0.000396901
12.6503 0.245992 5.90458 0.0006708
12.7388 0.251654 5.42808 0.00110515
12.828 0.257326 4.9775 0.00177329
12.9178 0.263002 4.55268 0.00277177
13.0082 0.26868 4.15351 0.00422074
13.0993 0.274356 3.77918 0.0062667
13.191 0.280026 3.4302 0.00906738
13.2833 0.285686 3.10494 0.0128064
13.3763 0.291332 2.80245 0.0176726
13.4699 0.296961 2.52151 0.0238573
13.5642 0.302568 2.26422 0.0314402
13.6592 0.308151 2.02713 0.0405875
13.7548 0.313705 1.80926 0.0513771
13.8511 0.319235 1.61093 0.063752
13.948 0.324721 1.43021 0.0776923
14.0457 0.330167 1.26571 0.0931201
14.144 0.33557 1.11743 0.109771
14.243 0.340927 0.984187 0.127419
14.3427 0.346235 0.864234 0.145894
14.4431 0.35149 0.75675 0.164915
14.5442 0.356688 0.66087 0.184194
14.646 0.361827 0.575484 0.203503
14.7485 0.366903 0.49948 0.222654
14.8518 0.371914 0.432878 0.241238
14.9557 0.376857 0.374096 0.259244
15.0604 0.381728 0.322156 0.276594
15.1658 0.386525 0.276905 0.293035
15.272 0.391245 0.237226 0.308619
15.3789 0.395886 0.202838 0.323206
15.4866 0.400445 0.172824 0.336889
15.595 0.404927 0.146831 0.34963
15.7041 0.409315 0.124519 0.361393
15.8141 0.413614 0.105246 0.372295
15.9248 0.417823 0.0887019 0.382357
16.0362 0.421938 0.074527 0.391636
16.1485 0.425959 0.0623833 0.400198
16.2615 0.429884 0.0521153 0.408054
16.3753 0.43371 0.0434023 0.415289
16.49 0.437437 0.0360023 0.421968
16.6054 0.441062 0.0297728 0.428124
16.7216 0.444585 0.0245295 0.433813
16.8387 0.448004 0.0201459 0.439069
16.9566 0.451318 0.0164732 0.443944
17.0753 0.454526 0.0134143 0.44847
17.1948 0.457627 0.0108947 0.452668
17.3152 0.46062 0.0088066 0.456581
17.4364 0.463508 0.00708829 0.460234
17.5584 0.466282 0.00567679 0.463643
17.6813 0.468947 0.00453001 0.466827
17.8051 0.471501 0.00360054 0.469807
17.9297 0.473945 0.00284495 0.472598
18.0552 0.476277 0.00224 0.475211
18.1816 0.478498 0.00175327 0.47766
18.3089 0.480608 0.00136823 0.479951
18.4371 0.482606 0.0010608 0.482095
18.5661 0.484493 0.000819514 0.484097
18.6961 0.486269 0.000629818 0.485963
18.8269 0.487935 0.000481125 0.4877
18.9587 0.489489 0.000367358 0.48931
19.0914 0.490934 0.000278339 0.490797
19.2251 0.492269 0.000210143 0.492165
19.3597 0.493494 0.000157928 0.493416
19.4952 0.494611 0.000117841 0.494553
19.6316 0.495622 8.74949e-05 0.495579
19.7691 0.496524 6.47626e-05 0.496492
19.9075 0.49732 4.75215e-05 0.497296
20.0468 0.49801 3.46213e-05 0.497993
20.1871 0.498596 2.50314e-05 0.498583
20.3284 0.499078 1.80553e-05 0.499069
20.4707 0.499458 1.28584e-05 0.499452
20.614 0.499737 9.07771e-06 0.499732
20.7583 0.499916 6.32494e-06 0.499912
20.9036 0.499995 4.34081e-06 0.499993
21.05 0.499977 2.93417e-06 0.499976
21.1973 0.499863 1.94288e-06 0.499862
21.3457 0.499653 1.25276e-06 0.499652
21.4951 0.49935 7.82769e-07 0.499349
21.6456 0.498954 4.6726e-07 0.498954
21.7971 0.498467 2.58139e-07 0.498467
21.9497 0.49789 1.25968e-07 0.49789
22.1033 0.497226 4.82026e-08 0.497226
22.2581 0.496475 6.50045e-09 0.496475
22.4139 0.49564 0 0.49564
22.5708 0.494721 0 0.494721
22.7288 0.49372 0 0.49372
22.8879 0.492639 0 0.492639
23.0481 0.49148 0 0.49148
23.2094 0.490243 0 0.490243
23.3719 0.488932 0 0.488932
23.5355 0.487547 0 0.487547
23.7002 0.48609 0 0.48609
23.8661 0.484562 0 0.484562
24.0332 0.482966 0 0.482966
24.2014 0.481303 0 0.481303
24.3708 0.479575 0 0.479575
24.5414 0.477783 0 0.477783
24.7132 0.475927 0 0.475927
24.8862 0.474013 0 0.474013
25.0604 0.472041 0 0.472041
25.2358 0.470012 0 0.470012
25.4125 0.467928 0 0.467928
25.5904 0.465791 0 0.465791
25.7695 0.463601 0 0.463601
25.9499 0.461361 0 0.461361
26.1315 0.459073 0 0.459073
26.3145 0.456738 0 0.456738
26.4987 0.454358 0 0.454358
26.6842 0.451934 0 0.451934
26.8709 0.449467 0 0.449467
27.059 0.446961 0 0.446961
27.2485 0.444415 0 0.444415
27.4392 0.441832 0 0.441832
27.6313 0.439208 0 0.439208
27.8247 0.436555 0 0.436555
28.0195 0.433868 0 0.433868
28.2156 0.43115 0 0.43115
28.4131 0.428402 0 0.428402
28.612 0.425626 0 0.425626
28.8123 0.422822 0 0.422822
29.014 0.419992 0 0.419992
29.2171 0.417138 0 0.417138
29.4216 0.414261 0 0.414261
29.6275 0.411362 0 0.411362
29.8349 0.408442 0 0.408442
30.0438 0.405503 0 0.405503
30.2541 0.402547 0 0.402547
30.4659 0.399573 0 0.399573
30.6791 0.396584 0 0.396584
30.8939 0.393581 0 0.393581
31.1101 0.39056 0 0.39056
31.3279 0.387531 0 0.387531
31.5472 0.384492 0 0.384492
31.768 0.381443 0 0.381443
31.9904 0.378385 0 0.378385
32.2143 0.375319 0 0.375319
32.4398 0.372247 0 0.372247
32.6669 0.369169 0 0.369169
32.8956 0.366086 0 0.366086
33.1259 0.363 0 0.363
33.3577 0.359911 0 0.359911
33.5912 0.35682 0 0.35682
33.8264 0.353727 0 0.353727
34.0632 0.350635 0 0.350635
34.3016 0.347543 0 0.347543
34.5417 0.344453 0 0.344453
34.7835 0.341361 0 0.341361
35.027 0.338276 0 0.338276
35.2722 0.335195 0 0.335195
35.5191 0.332119 0 0.332119
35.7677 0.329048 0 0.329048
36.0181 0.325983 0 0.325983
36.2702 0.322925 0 0.322925
36.5241 0.319873 0 0.319873
36.7798 0.31683 0 0.31683
37.0372 0.313796 0 0.313796
37.2965 0.31077 0 0.31077
37.5576 0.307754 0 0.307754
37.8205 0.304748 0 0.304748
38.0852 0.301754 0 0.301754
38.3518 0.29877 0 0.29877
38.6203 0.295798 0 0.295798
38.8906 0.292839 0 0.292839
39.1629 0.289888 0 0.289888
39.437 0.286954 0 0.286954
39.7131 0.284034 0 0.284034
39.991 0.281128 0 0.281128
40.271 0.278237 0 0.278237
40.5529 0.27536 0 0.27536
40.8368 0.272499 0 0.272499
41.1226 0.269653 0 0.269653
41.4105 0.266822 0 0.266822
41.7003 0.264008 0 0.264008
41.9922 0.261211 0 0.261211
42.2862 0.25843 0 0.25843
42.5822 0.255666 0 0.255666
42.8803 0.252919 0 0.252919
43.1804 0.25019 0 0.25019
43.4827 0.247479 0 0.247479
43.7871 0.244782 0 0.244782
44.0936 0.242107 0 0.242107
44.4022 0.23945 0 0.23945
44.713 0.236812 0 0.236812
45.026 0.234193 0 0.234193
45.3412 0.231592 0 0.231592
45.6586 0.229011 0 0.229011
45.9782 0.226449 0 0.226449
46.3001 0.223906 0 0.223906
46.6242 0.221383 0 0.221383
46.9505 0.218879 0 0.218879
47.2792 0.216395 0 0.216395
47.6101 0.213931 0 0.213931
47.9434 0.211486 0 0.211486
48.279 0.209062 0 0.209062
48.617 0.206657 0 0.206657
48.9573 0.204273 0 0.204273
49.3 0.201905 0 0.201905
49.6451 0.199561 0 0.199561
49.9926 0.197237 0 0.197237
50.3426 0.194933 0 0.194933
50.695 0.19265 0 0.19265
51.0498 0.190386 0 0.190386
51.4072 0.188143 0 0.188143
51.767 0.185921 0 0.185921
52.1294 0.183718 0 0.183718
52.4943 0.181536 0 0.181536
52.8618 0.179374 0 0.179374
53.2318 0.177232 0 0.177232
53.6044 0.17511 0 0.17511
53.9796 0.173008 0 0.173008
54.3575 0.170927 0 0.170927
54.738 0.168865 0 0.168865
55.1212 0.166821 0 0.166821
55.507 0.164799 0 0.164799
55.8956 0.162798 0 0.162798
56.2868 0.160816 0 0.160816
56.6808 0.158853 0 0.158853
57.0776 0.156911 0 0.156911
57.4772 0.154988 0 0.154988
57.8795 0.153085 0 0.153085
58.2846 0.151201 0 0.151201
58.6926 0.149336 0 0.149336
59.1035 0.147491 0 0.147491
59.5172 0.145664 0 0.145664
59.9338 0.143857 0 0.143857
60.3534 0.142069 0 0.142069
60.7758 0.140299 0 0.140299
61.2013 0.138549 0 0.138549
61.6297 0.136817 0 0.136817
62.0611 0.135101 0 0.135101
62.4955 0.133406 0 0.133406
62.933 0.131729 0 0.131729
63.3735 0.130071 0 0.130071
63.8171 0.12843 0 0.12843
64.2639 0.126808 0 0.126808
64.7137 0.125204 0 0.125204
65.1667 0.123617 0 0.123617
65.6229 0.122047 0 0.122047
66.0822 0.120496 0 0.120496
66.5448 0.118961 0 0.118961
67.0106 0.117444 0 0.117444
67.4797 0.115944 0 0.115944
67.952 0.114461 0 0.114461
68.4277 0.112995 0 0.112995
68.9067 0.111545 0 0.111545
69.389 0.11011 0 0.11011
69.8748 0.108694 0 0.108694
70.3639 0.107293 0 0.107293
70.8564 0.105909 0 0.105909
71.3524 0.104541 0 0.104541
71.8519 0.103189 0 0.103189
72.3549 0.101853 0 0.101853
72.8614 0.100532 0 0.100532
73.3714 0.0992272 0 0.0992272
73.885 0.0979374 0 0.0979374
74.4022 0.0966628 0 0.0966628
74.923 0.0954033 0 0.0954033
75.4475 0.0941587 0 0.0941587
75.9756 0.092929 0 0.092929
76.5074 0.0917139 0 0.0917139
77.043 0.0905134 0 0.0905134
77.5823 0.0893273 0 0.0893273
78.1253 0.0881538 0 0.0881538
78.6722 0.0869962 0 0.0869962
79.2229 0.0858526 0 0.0858526
79.7775 0.0847228 0 0.0847228
80.3359 0.0836068 0 0.0836068
80.8983 0.0825043 0 0.0825043
81.4646 0.0814153 0 0.0814153
82.0348 0.0803396 0 0.0803396
82.6091 0.0792771 0 0.0792771
83.1873 0.0782277 0 0.0782277
83.7696 0.0771912 0 0.0771912
84.356 0.0761675 0 0.0761675
84.9465 0.0751564 0 0.0751564
85.5411 0.0741579 0 0.0741579
86.1399 0.0731717 0 0.0731717
86.7429 0.0721979 0 0.0721979
87.3501 0.0712348 0 0.0712348
87.9616 0.0702852 0 0.0702852
88.5773 0.0693474 0 0.0693474
89.1973 0.0684214 0 0.0684214
89.8217 0.0675071 0 0.0675071
90.4505 0.0666042 0 0.0666042
91.0836 0.0657127 0 0.0657127
91.7212 0.0648325 0 0.0648325
92.3633 0.0639634 0 0.0639634
93.0098 0.0631053 0 0.0631053
93.6609 0.0622581 0 0.0622581
94.3165 0.0614217 0 0.0614217
94.9767 0.0605959 0 0.0605959
95.6415 0.0597807 0 0.0597807
96.311 0.0589758 0 0.0589758
96.9852 0.0581813 0 0.0581813
97.6641 0.0573969 0 0.0573969
98.3478 0.0566216 0 0.0566216
99.0362 0.0558573 0 0.0558573
99.7294 0.0551028 0 0.0551028
100.428 0.0543581 0 0.0543581
101.131 0.0536229 0 0.0536229
101.838 0.0528973 0 0.0528973
102.551 0.052181 0 0.052181
103.269 0.0514741 0 0.0514741
103.992 0.0507762 0 0.0507762
104.72 0.0500875 0 0.0500875
105.453 0.0494077 0 0.0494077
106.191 0.0487367 0 0.0487367
106.935 0.0480745 0 0.0480745
107.683 0.047421 0 0.047421
108.437 0.046776 0 0.046776
109.196 0.0461394 0 0.0461394
109.96 0.0455102 0 0.0455102
110.73 0.0448903 0 0.0448903
111.505 0.0442784 0 0.0442784
112.286 0.0436747 0 0.0436747
113.072 0.0430788 0 0.0430788
113.863 0.0424908 0 0.0424908
114.66 0.0419105 0 0.0419105
115.463 0.0413379 0 0.0413379
116.271 0.0407729 0 0.0407729
117.085 0.0402153 0 0.0402153
117.905 0.0396651 0 0.0396651
118.73 0.0391222 0 0.0391222
119.561 0.0385864 0 0.0385864
120.398 0.0380578 0 0.0380578
121.241 0.0375362 0 0.0375362
122.089 0.0370216 0 0.0370216
122.944 0.0365138 0 0.0365138
123.805 0.036012 0 0.036012
124.671 0.0355177 0 0.0355177
125.544 0.03503 0 0.03503
126.423 0.0345487 0 0.0345487
127.308 0.0340739 0 0.0340739
128.199 0.0336055 0 0.0336055
129.096 0.0331433 0 0.0331433
130 0.0326873 0 0.0326873
130.91 0.0322374 0 0.0322374
131.826 0.0317936 0 0.0317936
132.749 0.0313557 0 0.0313557
133.678 0.0309236 0 0.0309236
134.614 0.0304974 0 0.0304974
135.556 0.030077 0 0.030077
136.505 0.0296621 0 0.0296621
137.461 0.0292529 0 0.0292529
138.423 0.0288487 0 0.0288487
139.392 0.0284504 0 0.0284504
140.368 0.0280576 0 0.0280576
141.35 0.02767 0 0.02767
142.34 0.0272877 0 0.0272877
143.336 0.0269105 0 0.0269105
144.34 0.0265385 0 0.0265385
145.35 0.0261715 0 0.0261715
146.367 0.0258094 0 0.0258094
147.392 0.0254523 0 0.0254523
148.424 0.0251 0 0.0251
149.463 0.0247525 0 0.0247525
150.509 0.0244097 0 0.0244097
151.562 0.0240716 0 0.0240716
152.623 0.0237381 0 0.0237381
153.692 0.0234091 0 0.0234091
154.768 0.0230845 0 0.0230845
155.851 0.022764 0 0.022764
156.942 0.0224483 0 0.0224483
158.041 0.0221369 0 0.0221369
159.147 0.0218297 0 0.0218297
160.261 0.0215267 0 0.0215267
161.383 0.0212279 0 0.0212279
162.512 0.0209331 0 0.0209331
163.65 0.0206424 0 0.0206424
164.795 0.0203556 0 0.0203556
165.949 0.0200728 0 0.0200728
167.111 0.0197938 0 0.0197938
168.28 0.0195187 0 0.0195187
169.458 0.0192473 0 0.0192473
170.645 0.0189796 0 0.0189796
171.839 0.0187156 0 0.0187156
173.042 0.0184552 0 0.0184552
174.253 0.0181981 0 0.0181981
175.473 0.0179448 0 0.0179448
176.701 0.017695 0 0.017695
177.938 0.0174487 0 0.0174487
179.184 0.0172057 0 0.0172057
180.438 0.016966 0 0.016966
181.701 0.0167297 0 0.0167297
182.973 0.0164966 0 0.0164966
184.254 0.0162667 0 0.0162667
185.544 0.01604 0 0.01604
186.843 0.0158164 0 0.0158164
188.15 0.0155959 0 0.0155959
189.467 0.0153784 0 0.0153784
190.794 0.0151639 0 0.0151639
192.129 0.0149524 0 0.0149524
193.474 0.0147438 0 0.0147438
194.829 0.014538 0 0.014538
196.192 0.0143349 0 0.0143349
197.566 0.0141348 0 0.0141348
198.949 0.0139375 0 0.0139375
200.341 0.0137429 0 0.0137429
201.744 0.013551 0 0.013551
203.156 0.0133618 0 0.0133618
204.578 0.0131751 0 0.0131751
206.01 0.0129911 0 0.0129911
207.452 0.0128096 0 0.0128096
208.904 0.0126306 0 0.0126306
210.367 0.0124541 0 0.0124541
211.839 0.01228 0 0.01228
213.322 0.0121083 0 0.0121083
214.815 0.011939 0 0.011939
216.319 0.0117721 0 0.0117721
217.833 0.0116075 0 0.0116075
219.358 0.0114449 0 0.0114449
220.894 0.0112848 0 0.0112848
222.44 0.011127 0 0.011127
223.997 0.0109713 0 0.0109713
225.565 0.0108178 0 0.0108178
227.144 0.0106664 0 0.0106664
228.734 0.0105171 0 0.0105171
230.335 0.0103699 0 0.0103699
231.947 0.0102248 0 0.0102248
233.571 0.0100816 0 0.0100816
235.206 0.00994047 0 0.00994047
236.852 0.00980127 0 0.00980127
238.51 0.00966401 0 0.00966401
240.18 0.00952866 0 0.00952866
241.861 0.00939519 0 0.00939519
243.554 0.00926358 0 0.00926358
245.259 0.0091338 0 0.0091338
246.976 0.00900566 0 0.00900566
248.705 0.00887947 0 0.00887947
250.446 0.00875504 0 0.00875504
252.199 0.00863235 0 0.00863235
253.964 0.00851136 0 0.00851136
255.742 0.00839206 0 0.00839206
257.532 0.00827441 0 0.00827441
259.335 0.00815841 0 0.00815841
261.15 0.00804403 0 0.00804403
262.978 0.00793124 0 0.00793124
264.819 0.00782002 0 0.00782002
266.673 0.00771035 0 0.00771035
268.54 0.00760221 0 0.00760221
270.419 0.00749558 0 0.00749558
272.312 0.00739043 0 0.00739043
274.218 0.00728675 0 0.00728675
276.138 0.00718439 0 0.00718439
278.071 0.00708359 0 0.00708359
280.017 0.0069842 0 0.0069842
281.978 0.0068862 0 0.0068862
283.951 0.00678957 0 0.00678957
285.939 0.00669428 0 0.00669428
287.941 0.00660033 0 0.00660033
289.956 0.00650769 0 0.00650769
291.986 0.00641634 0 0.00641634
294.03 0.00632627 0 0.00632627
296.088 0.00623745 0 0.00623745
298.161 0.00614988 0 0.00614988
300.248 0.00606353 0 0.00606353
302.349 0.00597839 0 0.00597839
304.466 0.00589444 0 0.00589444
306.597 0.00581166 0 0.00581166
308.743 0.00573004 0 0.00573004
310.905 0.00564946 0 0.00564946
313.081 0.00557011 0 0.00557011
315.272 0.00549188 0 0.00549188
317.479 0.00541474 0 0.00541474
319.702 0.00533867 0 0.00533867
321.94 0.00526367 0 0.00526367
324.193 0.00518972 0 0.00518972
326.463 0.00511681 0 0.00511681
328.748 0.00504492 0 0.00504492
331.049 0.00497403 0 0.00497403
333.366 0.00490413 0 0.00490413
335.7 0.00483522 0 0.00483522
338.05 0.00476727 0 0.00476727
340.416 0.00470027 0 0.00470027
342.799 0.00463421 0 0.00463421
345.199 0.00456907 0 0.00456907
347.615 0.00450476 0 0.00450476
350.048 0.00444144 0 0.00444144
352.499 0.00437901 0 0.00437901
354.966 0.00431745 0 0.00431745
357.451 0.00425676 0 0.00425676
359.953 0.00419692 0 0.00419692
362.473 0.00413791 0 0.00413791
365.01 0.00407973 0 0.00407973
367.565 0.00402237 0 0.00402237
370.138 0.00396581 0 0.00396581
372.729 0.00391005 0 0.00391005
375.338 0.00385506 0 0.00385506
377.966 0.00380085 0 0.00380085
380.611 0.0037474 0 0.0037474
383.276 0.0036947 0 0.0036947
385.959 0.00364273 0 0.00364273
388.66 0.0035915 0 0.0035915
391.381 0.00354092 0 0.00354092
394.121 0.00349112 0 0.00349112
396.879 0.00344201 0 0.00344201
399.658 0.0033936 0 0.0033936
402.455 0.00334586 0 0.00334586
405.272 0.00329879 0 0.00329879
408.109 0.00325239 0 0.00325239
410.966 0.00320663 0 0.00320663
413.843 0.00316152 0 0.00316152
416.74 0.00311704 0 0.00311704
419.657 0.00307319 0 0.00307319
422.594 0.00302995 0 0.00302995
425.553 0.00298732 0 0.00298732
428.531 0.00294528 0 0.00294528
431.531 0.00290384 0 0.00290384
434.552 0.00286298 0 0.00286298
437.594 0.00282264 0 0.00282264
440.657 0.00278292 0 0.00278292
443.742 0.00274376 0 0.00274376
446.848 0.00270515 0 0.00270515
449.976 0.00266708 0 0.00266708
453.126 0.00262954 0 0.00262954
456.297 0.00259254 0 0.00259254
459.491 0.00255605 0 0.00255605
462.708 0.00252007 0 0.00252007
465.947 0.00248461 0 0.00248461
469.208 0.00244963 0 0.00244963
472.493 0.00241516 0 0.00241516
475.8 0.00238116 0 0.00238116
479.131 0.00234764 0 0.00234764
482.485 0.0023146 0 0.0023146
485.862 0.00228201 0 0.00228201
489.263 0.00224989 0 0.00224989
492.688 0.00221818 0 0.00221818
496.137 0.00218695 0 0.00218695
499.61 0.00215617 0 0.00215617
503.107 0.00212581 0 0.00212581
506.629 0.00209589 0 0.00209589
510.175 0.00206638 0 0.00206638
513.747 0.00203729 0 0.00203729
517.343 0.00200861 0 0.00200861
520.964 0.00198033 0 0.00198033
524.611 0.00195245 0 0.00195245
528.283 0.00192496 0 0.00192496
531.981 0.00189785 0 0.00189785
535.705 0.00187113 0 0.00187113
539.455 0.00184479 0 0.00184479
543.231 0.00181881 0 0.00181881
547.034 0.0017932 0 0.0017932
550.863 0.00176792 0 0.00176792
554.719 0.00174302 0 0.00174302
558.602 0.00171848 0 0.00171848
562.512 0.00169428 0 0.00169428
566.45 0.00167042 0 0.00167042
570.415 0.0016469 0 0.0016469
574.408 0.00162371 0 0.00162371
578.429 0.00160085 0 0.00160085
582.478 0.0015783 0 0.0015783
586.555 0.00155608 0 0.00155608
590.661 0.00153416 0 0.00153416
594.796 0.00151256 0 0.00151256
598.959 0.00149125 0 0.00149125
603.152 0.00147025 0 0.00147025
607.374 0.00144955 0 0.00144955
611.626 0.00142913 0 0.00142913
615.907 0.001409 0 0.001409
620.218 0.00138913 0 0.00138913
624.56 0.00136957 0 0.00136957
628.932 0.00135028 0 0.00135028
633.334 0.00133126 0 0.00133126
637.768 0.00131251 0 0.00131251
642.232 0.00129403 0 0.00129403
646.728 0.0012758 0 0.0012758
651.255 0.00125783 0 0.00125783
655.814 0.00124012 0 0.00124012
660.404 0.00122265 0 0.00122265
665.027 0.00120543 0 0.00120543
669.682 0.00118845 0 0.00118845
674.37 0.00117171 0 0.00117171
679.091 0.00115521 0 0.00115521
683.844 0.00113893 0 0.00113893
688.631 0.00112289 0 0.00112289
693.452 0.00110705 0 0.00110705
698.306 0.00109146 0 0.00109146
703.194 0.00107609 0 0.00107609
708.116 0.00106093 0 0.00106093
713.073 0.00104598 0 0.00104598
718.065 0.00103125 0 0.00103125
723.091 0.00101672 0 0.00101672
728.153 0.0010024 0 0.0010024
733.25 0.000988281 0 0.000988281
738.383 0.000974359 0 0.000974359
743.551 0.000960634 0 0.000960634
748.756 0.000947101 0 0.000947101
753.997 0.000933759 0 0.000933759
759.275 0.000920605 0 0.000920605
764.59 0.000907636 0 0.000907636
769.942 0.00089485 0 0.00089485
775.332 0.000882243 0 0.000882243
780.759 0.000869799 0 0.000869799
786.225 0.000857546 0 0.000857546
791.728 0.000845466 0 0.000845466
797.27 0.000833555 0 0.000833555
802.851 0.000821813 0 0.000821813
808.471 0.000810235 0 0.000810235
814.131 0.000798821 0 0.000798821
819.829 0.000787568 0 0.000787568
825.568 0.000776472 0 0.000776472
831.347 0.000765533 0 0.000765533
837.167 0.000754748 0 0.000754748
843.027 0.000744115 0 0.000744115
848.928 0.000733632 0 0.000733632
854.871 0.000723296 0 0.000723296
860.855 0.000713106 0 0.000713106
866.881 0.00070306 0 0.00070306
872.949 0.000693142 0 0.000693142
879.059 0.000683377 0 0.000683377
885.213 0.000673749 0 0.000673749
891.409 0.000664257 0 0.000664257
897.649 0.000654899 0 0.000654899
903.933 0.000645673 0 0.000645673
910.26 0.000636576 0 0.000636576
916.632 0.000627608 0 0.000627608
923.048 0.000618766 0 0.000618766
929.51 0.000610048 0 0.000610048
936.016 0.000601453 0 0.000601453
942.568 0.000592979 0 0.000592979
949.166 0.000584625 0 0.000584625
955.811 0.000576388 0 0.000576388
962.501 0.000568267 0 0.000568267
969.239 0.000560261 0 0.000560261
976.024 0.000552367 0 0.000552367
982.856 0.000544575 0 0.000544575
989.736 0.000536903 0 0.000536903
996.664 0.000529338 0 0.000529338
1003.64 0.000521881 0 0.000521881
1010.67 0.000514528 0 0.000514528
1017.74 0.000507279 0 0.000507279
1024.86 0.000500132 0 0.000500132
1032.04 0.000493085 0 0.000493085
1039.26 0.000486138 0 0.000486138
1046.54 0.000479289 0 0.000479289
1053.86 0.000472536 0 0.000472536
1061.24 0.000465878 0 0.000465878
1068.67 0.000459314 0 0.000459314
1076.15 0.000452843 0 0.000452843
1083.68 0.000446462 0 0.000446462
1091.27 0.000440172 0 0.000440172
1098.91 0.000433962 0 0.000433962
1106.6 0.000427848 0 0.000427848
1114.35 0.00042182 0 0.00042182
1122.15 0.000415877 0 0.000415877
1130 0.000410018 0 0.000410018
1137.91 0.000404241 0 0.000404241
1145.88 0.000398546 0 0.000398546
1153.9 0.00039293 0 0.00039293
1161.98 0.000387394 0 0.000387394
1170.11 0.000381936 0 0.000381936
1178.3 0.000376555 0 0.000376555
1186.55 0.000371249 0 0.000371249
1194.85 0.000366019 0 0.000366019
1203.22 0.000360861 0 0.000360861
1211.64 0.000355777 0 0.000355777
1220.12 0.000350764 0 0.000350764
1228.66 0.000345822 0 0.000345822
1237.26 0.000340944 0 0.000340944
1245.92 0.00033614 0 0.00033614
1254.65 0.000331404 0 0.000331404
1263.43 0.000326735 0 0.000326735
1272.27 0.000322131 0 0.000322131
1281.18 0.000317593 0 0.000317593
1290.15 0.000313118 0 0.000313118
1299.18 0.000308707 0 0.000308707
1308.27 0.000304357 0 0.000304357
1317.43 0.000300069 0 0.000300069
1326.65 0.000295841 0 0.000295841
1335.94 0.000291673 0 0.000291673
1345.29 0.000287563 0 0.000287563
1354.71 0.000283512 0 0.000283512
1364.19 0.000279517 0 0.000279517
1373.74 0.000275579 0 0.000275579
1383.36 0.000271691 0 0.000271691
1393.04 0.000267863 0 0.000267863
1402.79 0.000264089 0 0.000264089
1412.61 0.000260369 0 0.000260369
1422.5 0.0002567 0 0.0002567
1432.46 0.000253084 0 0.000253084
1442.48 0.000249518 0 0.000249518
1452.58 0.000246002 0 0.000246002
1462.75 0.000242536 0 0.000242536
1472.99 0.000239119 0 0.000239119
1483.3 0.00023575 0 0.00023575
1493.68 0.000232429 0 0.000232429
1504.14 0.000229154 0 0.000229154
1514.67 0.000225925 0 0.000225925
1525.27 0.000222742 0 0.000222742
1535.95 0.000219604 0 0.000219604
1546.7 0.00021651 0 0.00021651
1557.52 0.000213455 0 0.000213455
1568.43 0.000210448 0 0.000210448
1579.41 0.000207483 0 0.000207483
1590.46 0.00020456 0 0.00020456
1601.59 0.000201678 0 0.000201678
1612.81 0.000198837 0 0.000198837
1624.1 0.000196035 0 0.000196035
1635.46 0.000193273 0 0.000193273
1646.91 0.00019055 0 0.00019055
1658.44 0.000187866 0 0.000187866
1670.05 0.000185219 0 0.000185219
1681.74 0.000182609 0 0.000182609
1693.51 0.000180036 0 0.000180036
1705.37 0.0001775 0 0.0001775
1717.3 0.000174999 0 0.000174999
1729.33 0.000172533 0 0.000172533
1741.43 0.0001701 0 0.0001701
1753.62 0.000167703 0 0.000167703
1765.9 0.00016534 0 0.00016534
1778.26 0.000163011 0 0.000163011
1790.71 0.000160714 0 0.000160714
1803.24 0.00015845 0 0.00015845
1815.86 0.000156218 0 0.000156218
1828.57 0.000154017 0 0.000154017
1841.37 0.000151847 0 0.000151847
1854.26 0.000149708 0 0.000149708
1867.24 0.000147599 0 0.000147599
1880.31 0.000145519 0 0.000145519
1893.48 0.000143469 0 0.000143469
1906.73 0.000141448 0 0.000141448
1920.08 0.000139455 0 0.000139455
1933.52 0.00013749 0 0.00013749
1947.05 0.000135553 0 0.000135553
1960.68 0.000133641 0 0.000133641
1974.41 0.000131758 0 0.000131758
1988.23 0.000129902 0 0.000129902
2002.15 0.000128072 0 0.000128072
2016.16 0.000126268 0 0.000126268
2030.27 0.000124489 0 0.000124489
2044.49 0.000122735 0 0.000122735
2058.8 0.000121006 0 0.000121006
2073.21 0.000119301 0 0.000119301
2087.72 0.00011762 0 0.00011762
2102.34 0.000115963 0 0.000115963
2117.05 0.00011433 0 0.00011433
2131.87 0.000112719 0 0.000112719
2146.79 0.000111131 0 0.000111131
2161.82 0.000109565 0 0.000109565
2176.95 0.000108022 0 0.000108022
2192.19 0.000106498 0 0.000106498
2207.54 0.000104998 0 0.000104998
2222.99 0.000103518 0 0.000103518
2238.55 0.00010206 0 0.00010206
2254.22 0.000100622 0 0.000100622
2270 9.92047e-05 0 9.92047e-05
2285.89 9.78072e-05 0 9.78072e-05
2301.89 9.64293e-05 0 9.64293e-05
2318.01 9.50708e-05 0 9.50708e-05
2334.23 9.37315e-05 0 9.37315e-05
2350.57 9.2411e-05 0 9.2411e-05
2367.03 9.11091e-05 0 9.11091e-05
2383.6 8.98256e-05 0 8.98256e-05
2400.28 8.85602e-05 0 8.85602e-05
2417.08 8.73125e-05 0 8.73125e-05
2434 8.60825e-05 0 8.60825e-05
2451.04 8.48698e-05 0 8.48698e-05
2468.2 8.36727e-05 0 8.36727e-05
2485.47 8.2494e-05 0 8.2494e-05
2502.87 8.13319e-05 0 8.13319e-05
2520.39 8.01861e-05 0 8.01861e-05
2538.04 7.90565e-05 0 7.90565e-05
2555.8 7.79428e-05 0 7.79428e-05
2573.69 7.68448e-05 0 7.68448e-05
2591.71 7.57623e-05 0 7.57623e-05
2609.85 7.4695e-05 0 7.4695e-05
2628.12 7.36428e-05 0 7.36428e-05
2646.52 7.26053e-05 0 7.26053e-05
2665.04 7.15825e-05 0 7.15825e-05
2683.7 7.05741e-05 0 7.05741e-05
2702.48 6.95799e-05 0 6.95799e-05
2721.4 6.85997e-05 0 6.85997e-05
2740.45 6.76333e-05 0 6.76333e-05
2759.63 6.66794e-05 0 6.66794e-05
2778.95 6.57401e-05 0 6.57401e-05
2798.4 6.4814e-05 0 6.4814e-05
2817.99 6.3901e-05 0 6.3901e-05
2837.72 6.30008e-05 0 6.30008e-05
2857.58 6.21134e-05 0 6.21134e-05
2877.59 6.12384e-05 0 6.12384e-05
2897.73 6.03757e-05 0 6.03757e-05
2918.01 5.95252e-05 0 5.95252e-05
2938.44 5.86867e-05 0 5.86867e-05
2959.01 5.786e-05 0 5.786e-05
2979.72 5.70449e-05 0 5.70449e-05
3000.58 5.62413e-05 0 5.62413e-05
3021.58 5.54491e-05 0 5.54491e-05
3042.73 5.4668e-05 0 5.4668e-05
3064.03 5.38979e-05 0 5.38979e-05
3085.48 5.31386e-05 0 5.31386e-05
3107.08 5.23891e-05 0 5.23891e-05
3128.83 5.16512e-05 0 5.16512e-05
3150.73 5.09236e-05 0 5.09236e-05
3172.79 5.02063e-05 0 5.02063e-05
3195 4.94991e-05 0 4.94991e-05
3217.36 4.88018e-05 0 4.88018e-05
3239.88 4.81144e-05 0 4.81144e-05
3262.56 4.74366e-05 0 4.74366e-05
3285.4 4.67684e-05 0 4.67684e-05
3308.4 4.61096e-05 0 4.61096e-05
3331.56 4.54601e-05 0 4.54601e-05
3354.88 4.48197e-05 0 4.48197e-05
3378.36 4.41884e-05 0 4.41884e-05
3402.01 4.35659e-05 0 4.35659e-05
3425.82 4.29522e-05 0 4.29522e-05
3449.8 4.23472e-05 0 4.23472e-05
3473.95 4.17499e-05 0 4.17499e-05
3498.27 4.11618e-05 0 4.11618e-05
3522.76 4.0582e-05 0 4.0582e-05
3547.42 4.00104e-05 0 4.00104e-05
3572.25 3.94468e-05 0 3.94468e-05
3597.26 3.88912e-05 0 3.88912e-05
3622.44 3.83434e-05 0 3.83434e-05
3647.79 3.78033e-05 0 3.78033e-05
3673.33 3.72708e-05 0 3.72708e-05
3699.04 3.67458e-05 0 3.67458e-05
3724.93 3.62282e-05 0 3.62282e-05
3751.01 3.57179e-05 0 3.57179e-05
3777.27 3.52148e-05 0 3.52148e-05
3803.71 3.47187e-05 0 3.47187e-05
3830.33 3.42297e-05 0 3.42297e-05
3857.15 3.37475e-05 0 3.37475e-05
3884.15 3.32722e-05 0 3.32722e-05
3911.33 3.28029e-05 0 3.28029e-05
3938.71 3.23409e-05 0 3.23409e-05
3966.28 3.18854e-05 0 3.18854e-05
3994.05 3.14362e-05 0 3.14362e-05
4022.01 3.09934e-05 0 3.09934e-05
4050.16 3.05569e-05 0 3.05569e-05
4078.51 3.01265e-05 0 3.01265e-05
4107.06 2.97021e-05 0 2.97021e-05
4135.81 2.92838e-05 0 2.92838e-05
4164.76 2.88713e-05 0 2.88713e-05
4193.91 2.84646e-05 0 2.84646e-05
4223.27 2.80637e-05 0 2.80637e-05
4252.84 2.76684e-05 0 2.76684e-05
4282.61 2.72787e-05 0 2.72787e-05
4312.58 2.68944e-05 0 2.68944e-05
4342.77 2.65156e-05 0 2.65156e-05
4373.17 2.61417e-05 0 2.61417e-05
4403.78 2.57735e-05 0 2.57735e-05
4434.61 2.54105e-05 0 2.54105e-05
4465.65 2.50525e-05 0 2.50525e-05
4496.91 2.46997e-05 0 2.46997e-05
4528.39 2.43518e-05 0 2.43518e-05
4560.09 2.40088e-05 0 2.40088e-05
4592.01 2.36706e-05 0 2.36706e-05
4624.15 2.33372e-05 0 2.33372e-05
4656.52 2.30085e-05 0 2.30085e-05
4689.12 2.26844e-05 0 2.26844e-05
4721.94 2.23649e-05 0 2.23649e-05
4755 2.20499e-05 0 2.20499e-05
4788.28 2.17393e-05 0 2.17393e-05
4821.8 2.14331e-05 0 2.14331e-05
4855.55 2.11313e-05 0 2.11313e-05
4889.54 2.08336e-05 0 2.08336e-05
4923.77 2.05398e-05 0 2.05398e-05
4958.23 2.02505e-05 0 2.02505e-05
4992.94 1.99653e-05 0 1.99653e-05
5027.89 1.96841e-05 0 1.96841e-05
5063.09 1.94069e-05 0 1.94069e-05
5098.53 1.91335e-05 0 1.91335e-05
5134.22 1.8864e-05 0 1.8864e-05
5170.16 1.85983e-05 0 1.85983e-05
5206.35 1.83364e-05 0 1.83364e-05
5242.79 1.80781e-05 0 1.80781e-05
5279.49 1.78235e-05 0 1.78235e-05
5316.45 1.75725e-05 0 1.75725e-05
5353.66 1.7325e-05 0 1.7325e-05
5391.14 1.70809e-05 0 1.70809e-05
5428.88 1.68404e-05 0 1.68404e-05
5466.88 1.66032e-05 0 1.66032e-05
5505.15 1.6369e-05 0 1.6369e-05
5543.68 1.61385e-05 0 1.61385e-05
5582.49 1.59112e-05 0 1.59112e-05
5621.57 1.56871e-05 0 1.56871e-05
5660.92 1.54662e-05 0 1.54662e-05
5700.54 1.52483e-05 0 1.52483e-05
5740.45 1.50336e-05 0 1.50336e-05
5780.63 1.48218e-05 0 1.48218e-05
5821.1 1.46131e-05 0 1.46131e-05
5861.84 1.44073e-05 0 1.44073e-05
5902.88 1.42043e-05 0 1.42043e-05
5944.2 1.40043e-05 0 1.40043e-05
5985.81 1.3807e-05 0 1.3807e-05
6027.71 1.36126e-05 0 1.36126e-05
6069.9 1.34209e-05 0 1.34209e-05
6112.39 1.32318e-05 0 1.32318e-05
6155.18 1.30455e-05 0 1.30455e-05
6198.26 1.28615e-05 0 1.28615e-05
6241.65 1.26804e-05 0 1.26804e-05
6285.34 1.25018e-05 0 1.25018e-05
6329.34 1.23257e-05 0 1.23257e-05
6373.64 1.21521e-05 0 1.21521e-05
6418.26 1.1981e-05 0 1.1981e-05
6463.19 1.18122e-05 0 1.18122e-05
6508.43 1.16459e-05 0 1.16459e-05
6553.99 1.14818e-05 0 1.14818e-05
6599.87 1.13201e-05 0 1.13201e-05
6646.07 1.11607e-05 0 1.11607e-05
6692.59 1.10035e-05 0 1.10035e-05
6739.44 1.08485e-05 0 1.08485e-05
6786.61 1.06957e-05 0 1.06957e-05
6834.12 1.05451e-05 0 1.05451e-05
6881.96 1.03966e-05 0 1.03966e-05
6930.13 1.025e-05 0 1.025e-05
6978.64 1.01056e-05 0 1.01056e-05
7027.49 9.9633e-06 0 9.9633e-06
7076.69 9.82298e-06 0 9.82298e-06
7126.22 9.68464e-06 0 9.68464e-06
7176.11 9.54824e-06 0 9.54824e-06
7226.34 9.41377e-06 0 9.41377e-06
7276.92 9.28119e-06 0 9.28119e-06
7327.86 9.15047e-06 0 9.15047e-06
7379.16 9.0216e-06 0 9.0216e-06
7430.81 8.89454e-06 0 8.89454e-06
7482.83 8.76927e-06 0 8.76927e-06
7535.21 8.64577e-06 0 8.64577e-06
7587.95 8.524e-06 0 8.524e-06
7641.07 8.40395e-06 0 8.40395e-06
7694.56 8.28559e-06 0 8.28559e-06
7748.42 8.16889e-06 0 8.16889e-06
7802.66 8.05371e-06 0 8.05371e-06
7857.28 7.94029e-06 0 7.94029e-06
7912.28 7.82846e-06 0 7.82846e-06
7967.66 7.71821e-06 0 7.71821e-06
8023.44 7.60951e-06 0 7.60951e-06
8079.6 7.50234e-06 0 7.50234e-06
8136.16 7.39668e-06 0 7.39668e-06
8193.11 7.29251e-06 0 7.29251e-06
8250.46 7.18981e-06 0 7.18981e-06
8308.22 7.08855e-06 0 7.08855e-06
8366.37 6.98872e-06 0 6.98872e-06
8424.94 6.89029e-06 0 6.89029e-06
8483.91 6.79325e-06 0 6.79325e-06
8543.3 6.69757e-06 0 6.69757e-06
8603.1 6.60325e-06 0 6.60325e-06
8663.32 6.51025e-06 0 6.51025e-06
8723.97 6.41845e-06 0 6.41845e-06
8785.04 6.32806e-06 0 6.32806e-06
8846.53 6.23894e-06 0 6.23894e-06
8908.46 6.15108e-06 0 6.15108e-06
8970.82 6.06445e-06 0 6.06445e-06
9033.61 5.97904e-06 0 5.97904e-06
9096.85 5.89484e-06 0 5.89484e-06
9160.52 5.81182e-06 0 5.81182e-06
9224.65 5.72997e-06 0 5.72997e-06
9289.22 5.64927e-06 0 5.64927e-06
9354.24 5.56971e-06 0 5.56971e-06
9419.72 5.49127e-06 0 5.49127e-06
9485.66 5.41393e-06 0 5.41393e-06
9552.06 5.33768e-06 0 5.33768e-06
9618.93 5.26251e-06 0 5.26251e-06
9686.26 5.18839e-06 0 5.18839e-06
9754.06 5.11532e-06 0 5.11532e-06
9822.34 5.0432e-06 0 5.0432e-06
9891.1 4.97217e-06 0 4.97217e-06
9960.34 4.90215e-06 0 4.90215e-06
10030.1 4.83311e-06 0 4.83311e-06
10100.3 4.76505e-06 0 4.76505e-06
10171 4.69794e-06 0 4.69794e-06
10242.2 4.63178e-06 0 4.63178e-06
10313.9 4.56655e-06 0 4.56655e-06
10386.1 4.50224e-06 0 4.50224e-06
10458.8 4.43883e-06 0 4.43883e-06
10532 4.37632e-06 0 4.37632e-06
10605.7 4.31468e-06 0 4.31468e-06
10679.9 4.25392e-06 0 4.25392e-06
10754.7 4.19401e-06 0 4.19401e-06
10830 4.13494e-06 0 4.13494e-06
10905.8 4.0767e-06 0 4.0767e-06
10982.1 4.01922e-06 0 4.01922e-06
11059 3.96262e-06 0 3.96262e-06
11136.4 3.90681e-06 0 3.90681e-06
11214.4 3.85179e-06 0 3.85179e-06
11292.9 3.79755e-06 0 3.79755e-06
11371.9 3.74407e-06 0 3.74407e-06
11451.5 3.69134e-06 0 3.69134e-06
11531.7 3.63935e-06 0 3.63935e-06
11612.4 3.5881e-06 0 3.5881e-06
11693.7 3.53757e-06 0 3.53757e-06
11775.6 3.48775e-06 0 3.48775e-06
11858 3.43863e-06 0 3.43863e-06
11941 3.3902e-06 0 3.3902e-06
12024.6 3.34245e-06 0 3.34245e-06
12108.7 3.29538e-06 0 3.29538e-06
12193.5 3.24897e-06 0 3.24897e-06
12278.9 3.20321e-06 0 3.20321e-06
12364.8 3.15805e-06 0 3.15805e-06
12451.4 3.11357e-06 0 3.11357e-06
12538.5 3.06972e-06 0 3.06972e-06
12626.3 3.02649e-06 0 3.02649e-06
12714.7 2.98387e-06 0 2.98387e-06
12803.7 2.94185e-06 0 2.94185e-06
12893.3 2.90042e-06 0 2.90042e-06
12983.6 2.85957e-06 0 2.85957e-06
13074.4 2.8193e-06 0 2.8193e-06
13166 2.77959e-06 0 2.77959e-06
13258.1 2.74045e-06 0 2.74045e-06
13350.9 2.70185e-06 0 2.70185e-06
13444.4 2.6638e-06 0 2.6638e-06
13538.5 2.62628e-06 0 2.62628e-06
13633.3 2.5893e-06 0 2.5893e-06
13728.7 2.55283e-06 0 2.55283e-06
13824.8 2.51688e-06 0 2.51688e-06
13921.6 2.48139e-06 0 2.48139e-06
14019 2.44644e-06 0 2.44644e-06
14117.2 2.41199e-06 0 2.41199e-06
14216 2.37802e-06 0 2.37802e-06
14315.5 2.34453e-06 0 2.34453e-06
14415.7 2.31151e-06 0 2.31151e-06
14516.6 2.27896e-06 0 2.27896e-06
14618.2 2.24686e-06 0 2.24686e-06
14720.6 2.21522e-06 0 2.21522e-06
14823.6 2.18402e-06 0 2.18402e-06
14927.4 2.15326e-06 0 2.15326e-06
15031.9 2.12294e-06 0 2.12294e-06
15137.1 2.09304e-06 0 2.09304e-06
15243 2.06356e-06 0 2.06356e-06
15349.7 2.0345e-06 0 2.0345e-06
15457.2 2.00584e-06 0 2.00584e-06
15565.4 1.97756e-06 0 1.97756e-06
15674.4 1.94971e-06 0 1.94971e-06
15784.1 1.92225e-06 0 1.92225e-06
15894.6 1.89518e-06 0 1.89518e-06
16005.8 1.86849e-06 0 1.86849e-06
16117.9 1.84218e-06 0 1.84218e-06
16230.7 1.81623e-06 0 1.81623e-06
16344.3 1.79065e-06 0 1.79065e-06
16458.7 1.76543e-06 0 1.76543e-06
16573.9 1.74057e-06 0 1.74057e-06
16689.9 1.71606e-06 0 1.71606e-06
16806.8 1.69189e-06 0 1.69189e-06
16924.4 1.66806e-06 0 1.66806e-06
17042.9 1.64457e-06 0 1.64457e-06
17162.2 1.6214e-06 0 1.6214e-06
17282.3 1.59857e-06 0 1.59857e-06
17403.3 1.57605e-06 0 1.57605e-06
17525.1 1.55383e-06 0 1.55383e-06
17647.8 1.53195e-06 0 1.53195e-06
17771.3 1.51037e-06 0 1.51037e-06
17895.7 1.4891e-06 0 1.4891e-06
18021 1.46813e-06 0 1.46813e-06
18147.2 1.44745e-06 0 1.44745e-06
18274.2 1.42707e-06 0 1.42707e-06
18402.1 1.40697e-06 0 1.40697e-06
18530.9 1.38715e-06 0 1.38715e-06
18660.6 1.36762e-06 0 1.36762e-06
18791.3 1.34835e-06 0 1.34835e-06
18922.8 1.32936e-06 0 1.32936e-06
19055.3 1.31064e-06 0 1.31064e-06
19188.6 1.29218e-06 0 1.29218e-06
19323 1.27398e-06 0 1.27398e-06
19458.2 1.25604e-06 0 1.25604e-06
19594.4 1.23833e-06 0 1.23833e-06
19731.6 1.22089e-06 0 1.22089e-06
19869.7 1.20369e-06 0 1.20369e-06
20008.8 1.18674e-06 0 1.18674e-06
20148.9 1.17003e-06 0 1.17003e-06
20289.9 1.15355e-06 0 1.15355e-06
20431.9 1.1373e-06 0 1.1373e-06
20575 1.12128e-06 0 1.12128e-06
20719 1.10549e-06 0 1.10549e-06
20864 1.08992e-06 0 1.08992e-06
21010.1 1.07457e-06 0 1.07457e-06
21157.1 1.05943e-06 0 1.05943e-06
21305.2 1.04451e-06 0 1.04451e-06
21454.4 1.0298e-06 0 1.0298e-06
21604.5 1.0153e-06 0 1.0153e-06
21755.8 1.001e-06 0 1.001e-06
21908.1 9.86898e-07 0 9.86898e-07
22061.4 9.72982e-07 0 9.72982e-07
22215.9 9.59278e-07 0 9.59278e-07
22371.4 9.45768e-07 0 9.45768e-07
22528 9.32447e-07 0 9.32447e-07
22685.7 9.19314e-07 0 9.19314e-07
22844.5 9.06366e-07 0 9.06366e-07
23004.4 8.936e-07 0 8.936e-07
23165.4 8.81014e-07 0 8.81014e-07
23327.6 8.68605e-07 0 8.68605e-07
23490.9 8.56371e-07 0 8.56371e-07
23655.3 8.44309e-07 0 8.44309e-07
23820.9 8.32417e-07 0 8.32417e-07
23987.6 8.20692e-07 0 8.20692e-07
24155.5 8.09133e-07 0 8.09133e-07
24324.6 7.97736e-07 0 7.97736e-07
24494.9 7.865e-07 0 7.865e-07
24666.4 7.75409e-07 0 7.75409e-07
24839 7.64487e-07 0 7.64487e-07
25012.9 7.5372e-07 0 7.5372e-07
25188 7.43104e-07 0 7.43104e-07
25364.3 7.32637e-07 0 7.32637e-07
25541.9 7.22318e-07 0 7.22318e-07
25720.7 7.12144e-07 0 7.12144e-07
25900.7 7.02113e-07 0 7.02113e-07
26082 6.92224e-07 0 6.92224e-07
26264.6 6.82473e-07 0 6.82473e-07
26448.4 6.7286e-07 0 6.7286e-07
26633.6 6.63383e-07 0 6.63383e-07
26820 6.54039e-07 0 6.54039e-07
27007.7 6.44826e-07 0 6.44826e-07
27196.8 6.35743e-07 0 6.35743e-07
27387.2 6.26788e-07 0 6.26788e-07
27578.9 6.17959e-07 0 6.17959e-07
27771.9 6.09245e-07 0 6.09245e-07
27966.3 6.00664e-07 0 6.00664e-07
28162.1 5.92203e-07 0 5.92203e-07
28359.2 5.83861e-07 0 5.83861e-07
28557.8 5.75637e-07 0 5.75637e-07
28757.7 5.67529e-07 0 5.67529e-07
28959 5.59535e-07 0 5.59535e-07
29161.7 5.51653e-07 0 5.51653e-07
29365.8 5.43883e-07 0 5.43883e-07
29571.4 5.36222e-07 0 5.36222e-07
29778.4 5.28668e-07 0 5.28668e-07
29986.8 5.21221e-07 0 5.21221e-07
30196.7 5.13879e-07 0 5.13879e-07
30408.1 5.0664e-07 0 5.0664e-07
30621 4.99504e-07 0 4.99504e-07
30835.3 4.92467e-07 0 4.92467e-07
31051.1 4.85522e-07 0 4.85522e-07
31268.5 4.78683e-07 0 4.78683e-07
31487.4 4.7194e-07 0 4.7194e-07
31707.8 4.65292e-07 0 4.65292e-07
31929.8 4.58738e-07 0 4.58738e-07
32153.3 4.52276e-07 0 4.52276e-07
32378.3 4.45905e-07 0 4.45905e-07
32605 4.39624e-07 0 4.39624e-07
32833.2 4.33431e-07 0 4.33431e-07
33063 4.27325e-07 0 4.27325e-07
33294.5 4.21305e-07 0 4.21305e-07
33527.6 4.1537e-07 0 4.1537e-07
33762.2 4.09519e-07 0 4.09519e-07
33998.6 4.0375e-07 0 4.0375e-07
34236.6 3.98062e-07 0 3.98062e-07
34476.2 3.92454e-07 0 3.92454e-07
34717.6 3.86926e-07 0 3.86926e-07
34960.6 3.81469e-07 0 3.81469e-07
35205.3 3.76095e-07 0 3.76095e-07
35451.7 3.70797e-07 0 3.70797e-07
35699.9 3.65574e-07 0 3.65574e-07
35949.8 3.60424e-07 0 3.60424e-07
36201.5 3.55346e-07 0 3.55346e-07
36454.9 3.5034e-07 0 3.5034e-07
36710 3.45405e-07 0 3.45405e-07
36967 3.40539e-07 0 3.40539e-07
37225.8 3.35741e-07 0 3.35741e-07
37486.4 3.31011e-07 0 3.31011e-07
37748.8 3.26348e-07 0 3.26348e-07
38013 3.2175e-07 0 3.2175e-07
38279.1 3.17217e-07 0 3.17217e-07
38547.1 3.12748e-07 0 3.12748e-07
38816.9 3.08342e-07 0 3.08342e-07
39088.6 3.03993e-07 0 3.03993e-07
39362.2 2.9971e-07 0 2.9971e-07
39637.8 2.95488e-07 0 2.95488e-07
39915.2 2.91325e-07 0 2.91325e-07
40194.6 2.87221e-07 0 2.87221e-07
40476 2.83174e-07 0 2.83174e-07
40759.3 2.79185e-07 0 2.79185e-07
41044.6 2.75251e-07 0 2.75251e-07
41332 2.71374e-07 0 2.71374e-07
41621.3 2.6755e-07 0 2.6755e-07
41912.6 2.63781e-07 0 2.63781e-07
42206 2.60064e-07 0 2.60064e-07
42501.5 2.564e-07 0 2.564e-07
42799 2.52788e-07 0 2.52788e-07
43098.6 2.49226e-07 0 2.49226e-07
43400.3 2.45714e-07 0 2.45714e-07
43704.1 2.42252e-07 0 2.42252e-07
44010 2.38835e-07 0 2.38835e-07
44318.1 2.3547e-07 0 2.3547e-07
44628.3 2.32153e-07 0 2.32153e-07
44940.7 2.28882e-07 0 2.28882e-07
45255.3 2.25657e-07 0 2.25657e-07
45572 2.22477e-07 0 2.22477e-07
45891.1 2.19343e-07 0 2.19343e-07
46212.3 2.16252e-07 0 2.16252e-07
46535.8 2.13205e-07 0 2.13205e-07
46861.5 2.10201e-07 0 2.10201e-07
47189.6 2.07239e-07 0 2.07239e-07
47519.9 2.04319e-07 0 2.04319e-07
47852.5 2.0144e-07 0 2.0144e-07
48187.5 1.98602e-07 0 1.98602e-07
48524.8 1.95803e-07 0 1.95803e-07
48864.5 1.93044e-07 0 1.93044e-07
49206.5 1.90321e-07 0 1.90321e-07
49551 1.87639e-07 0 1.87639e-07
49897.8 1.84995e-07 0 1.84995e-07
50247.1 1.82388e-07 0 1.82388e-07
50598.8 1.79818e-07 0 1.79818e-07
50953 1.77285e-07 0 1.77285e-07
51309.7 1.74786e-07 0 1.74786e-07
51668.9 1.72323e-07 0 1.72323e-07
52030.6 1.69895e-07 0 1.69895e-07
52394.8 1.67501e-07 0 1.67501e-07
52761.5 1.65141e-07 0 1.65141e-07
53130.9 1.62814e-07 0 1.62814e-07
53502.8 1.60519e-07 0 1.60519e-07
53877.3 1.58257e-07 0 1.58257e-07
54254.4 1.56027e-07 0 1.56027e-07
54634.2 1.53828e-07 0 1.53828e-07
55016.7 1.5166e-07 0 1.5166e-07
55401.8 1.49521e-07 0 1.49521e-07
55789.6 1.47414e-07 0 1.47414e-07
56180.1 1.45336e-07 0 1.45336e-07
56573.4 1.43288e-07 0 1.43288e-07
56969.4 1.41269e-07 0 1.41269e-07
57368.2 1.39278e-07 0 1.39278e-07
57769.8 1.37315e-07 0 1.37315e-07
58174.1 1.3538e-07 0 1.3538e-07
58581.4 1.33472e-07 0 1.33472e-07
58991.4 1.31591e-07 0 1.31591e-07
59404.4 1.29736e-07 0 1.29736e-07
59820.2 1.27908e-07 0 1.27908e-07
60238.9 1.26105e-07 0 1.26105e-07
60660.6 1.24328e-07 0 1.24328e-07
61085.2 1.22575e-07 0 1.22575e-07
61512.8 1.20848e-07 0 1.20848e-07
61943.4 1.19143e-07 0 1.19143e-07
62377 1.17463e-07 0 1.17463e-07
62813.7 1.15808e-07 0 1.15808e-07
63253.4 1.14176e-07 0 1.14176e-07
63696.1 1.12566e-07 0 1.12566e-07
64142 1.1098e-07 0 1.1098e-07
64591 1.09416e-07 0 1.09416e-07
65043.1 1.07873e-07 0 1.07873e-07
65498.4 1.06353e-07 0 1.06353e-07
65956.9 1.04854e-07 0 1.04854e-07
66418.6 1.03376e-07 0 1.03376e-07
66883.6 1.01919e-07 0 1.01919e-07
67351.8 1.00482e-07 0 1.00482e-07
67823.2 9.90658e-08 0 9.90658e-08
68298 9.76694e-08 0 9.76694e-08
68776.1 9.62926e-08 0 9.62926e-08
69257.5 9.49352e-08 0 9.49352e-08
69742.3 9.35955e-08 0 9.35955e-08
70230.5 9.22762e-08 0 9.22762e-08
70722.1 9.09754e-08 0 9.09754e-08
71217.2 8.9693e-08 0 8.9693e-08
71715.7 8.84287e-08 0 8.84287e-08
72217.7 8.71821e-08 0 8.71821e-08
72723.2 8.59531e-08 0 8.59531e-08
73232.3 8.47414e-08 0 8.47414e-08
73744.9 8.35468e-08 0 8.35468e-08
74261.1 8.2369e-08 0 8.2369e-08
74780.9 8.12078e-08 0 8.12078e-08
75304.4 8.00629e-08 0 8.00629e-08
75831.5 7.89342e-08 0 7.89342e-08
76362.4 7.78214e-08 0 7.78214e-08
76896.9 7.67242e-08 0 7.67242e-08
77435.2 7.56425e-08 0 7.56425e-08
77977.2 7.45749e-08 0 7.45749e-08
78523.1 7.35235e-08 0 7.35235e-08
79072.7 7.24869e-08 0 7.24869e-08
79626.2 7.1465e-08 0 7.1465e-08
80183.6 7.04574e-08 0 7.04574e-08
80744.9 6.9464e-08 0 6.9464e-08
81310.1 6.84846e-08 0 6.84846e-08
81879.3 6.7519e-08 0 6.7519e-08
82452.4 6.6567e-08 0 6.6567e-08
83029.6 6.56285e-08 0 6.56285e-08
83610.8 6.47031e-08 0 6.47031e-08
84196.1 6.37908e-08 0 6.37908e-08
84785.5 6.28913e-08 0 6.28913e-08
85379 6.20045e-08 0 6.20045e-08
85976.6 6.11302e-08 0 6.11302e-08
86578.5 6.02682e-08 0 6.02682e-08
87184.5 5.94183e-08 0 5.94183e-08
87794.8 5.85795e-08 0 5.85795e-08
88409.4 5.77535e-08 0 5.77535e-08
89028.2 5.69391e-08 0 5.69391e-08
89651.4 5.61361e-08 0 5.61361e-08
90279 5.53445e-08 0 5.53445e-08
90910.9 5.45641e-08 0 5.45641e-08
91547.3 5.37946e-08 0 5.37946e-08
92188.1 5.3036e-08 0 5.3036e-08
92833.5 5.2288e-08 0 5.2288e-08
93483.3 5.15506e-08 0 5.15506e-08
94137.7 5.08236e-08 0 5.08236e-08
94796.6 5.01068e-08 0 5.01068e-08
95460.2 4.94001e-08 0 4.94001e-08
96128.4 4.87034e-08 0 4.87034e-08
96801.3 4.80165e-08 0 4.80165e-08
97478.9 4.73393e-08 0 4.73393e-08
98161.3 4.66716e-08 0 4.66716e-08
98848.4 4.60126e-08 0 4.60126e-08
99540.4 4.53636e-08 0 4.53636e-08
100237 4.47238e-08 0 4.47238e-08
100939 4.4093e-08 0 4.4093e-08
101645 4.3471e-08 0 4.3471e-08
102357 4.28579e-08 0 4.28579e-08
103073 4.22534e-08 0 4.22534e-08
103795 4.16573e-08 0 4.16573e-08
104521 4.10697e-08 0 4.10697e-08
105253 4.04904e-08 0 4.04904e-08
105990 3.99192e-08 0 3.99192e-08
106732 3.93561e-08 0 3.93561e-08
107479 3.88009e-08 0 3.88009e-08
108231 3.82535e-08 0 3.82535e-08
108989 3.77139e-08 0 3.77139e-08
109752 3.71818e-08 0 3.71818e-08
110520 3.66567e-08 0 3.66567e-08
111294 3.61395e-08 0 3.61395e-08
112073 3.56297e-08 0 3.56297e-08
112857 3.5127e-08 0 3.5127e-08
113647 3.46314e-08 0 3.46314e-08
114443 3.41428e-08 0 3.41428e-08
115244 3.36611e-08 0 3.36611e-08
116051 3.31862e-08 0 3.31862e-08
116863 3.27179e-08 0 3.27179e-08
117681 3.22563e-08 0 3.22563e-08
118505 3.18011e-08 0 3.18011e-08
119334 3.13524e-08 0 3.13524e-08
120170 3.091e-08 0 3.091e-08
121011 3.04738e-08 0 3.04738e-08
121858 3.00438e-08 0 3.00438e-08
122711 2.96199e-08 0 2.96199e-08
123570 2.92019e-08 0 2.92019e-08
124435 2.87893e-08 0 2.87893e-08
125306 2.8383e-08 0 2.8383e-08
126183 2.79825e-08 0 2.79825e-08
127066 2.75876e-08 0 2.75876e-08
127956 2.71983e-08 0 2.71983e-08
128852 2.68144e-08 0 2.68144e-08
129754 2.6436e-08 0 2.6436e-08
130662 2.60629e-08 0 2.60629e-08
131576 2.5695e-08 0 2.5695e-08
132497 2.53323e-08 0 2.53323e-08
133425 2.49748e-08 0 2.49748e-08
134359 2.46223e-08 0 2.46223e-08
135299 2.42747e-08 0 2.42747e-08
136247 2.39321e-08 0 2.39321e-08
137200 2.35942e-08 0 2.35942e-08
138161 2.32612e-08 0 2.32612e-08
139128 2.29324e-08 0 2.29324e-08
140102 2.26087e-08 0 2.26087e-08
141082 2.22896e-08 0 2.22896e-08
142070 2.19749e-08 0 2.19749e-08
143064 2.16647e-08 0 2.16647e-08
144066 2.13588e-08 0 2.13588e-08
145074 2.10573e-08 0 2.10573e-08
146090 2.076e-08 0 2.076e-08
147113 2.04669e-08 0 2.04669e-08
148142 2.01779e-08 0 2.01779e-08
149179 1.9893e-08 0 1.9893e-08
150224 1.96121e-08 0 1.96121e-08
151275 1.93352e-08 0 1.93352e-08
152334 1.90622e-08 0 1.90622e-08
153400 1.8793e-08 0 1.8793e-08
154474 1.85276e-08 0 1.85276e-08
155555 1.8266e-08 0 1.8266e-08
156644 1.80077e-08 0 1.80077e-08
157741 1.77534e-08 0 1.77534e-08
158845 1.75027e-08 0 1.75027e-08
159957 1.72555e-08 0 1.72555e-08
161077 1.70118e-08 0 1.70118e-08
162204 1.67716e-08 0 1.67716e-08
163340 1.65347e-08 0 1.65347e-08
164483 1.63011e-08 0 1.63011e-08
165634 1.60709e-08 0 1.60709e-08
166794 1.58439e-08 0 1.58439e-08
167961 1.56201e-08 0 1.56201e-08
169137 1.53994e-08 0 1.53994e-08
170321 1.51819e-08 0 1.51819e-08
171513 1.49674e-08 0 1.49674e-08
172714 1.4756e-08 0 1.4756e-08
173923 1.45475e-08 0 1.45475e-08
175140 1.4342e-08 0 1.4342e-08
176366 1.41391e-08 0 1.41391e-08
177601 1.39394e-08 0 1.39394e-08
178844 1.37424e-08 0 1.37424e-08
180096 1.35483e-08 0 1.35483e-08
181357 1.33568e-08 0 1.33568e-08
182626 1.31681e-08 0 1.31681e-08
183905 1.2982e-08 0 1.2982e-08
185192 1.27986e-08 0 1.27986e-08
186488 1.26177e-08 0 1.26177e-08
187794 1.24394e-08 0 1.24394e-08
189108 1.22636e-08 0 1.22636e-08
190432 1.20903e-08 0 1.20903e-08
191765 1.19194e-08 0 1.19194e-08
193107 1.1751e-08 0 1.1751e-08
194459 1.15849e-08 0 1.15849e-08
195820 1.14211e-08 0 1.14211e-08
197191 1.12595e-08 0 1.12595e-08
198571 1.11003e-08 0 1.11003e-08
199961 1.09434e-08 0 1.09434e-08
201361 1.07887e-08 0 1.07887e-08
202771 1.06362e-08 0 1.06362e-08
204190 1.04859e-08 0 1.04859e-08
205619 1.03376e-08 0 1.03376e-08
207059 1.01915e-08 0 1.01915e-08
208508 1.00474e-08 0 1.00474e-08
209968 9.9053e-09 0 9.9053e-09
211438 9.76524e-09 0 9.76524e-09
212918 9.62716e-09 0 9.62716e-09
214408 9.49102e-09 0 9.49102e-09
215909 9.35681e-09 0 9.35681e-09
217420 9.22448e-09 0 9.22448e-09
218942 9.09403e-09 0 9.09403e-09
220475 8.96541e-09 0 8.96541e-09
222018 8.83847e-09 0 8.83847e-09
223572 8.71346e-09 0 8.71346e-09
225137 8.59022e-09 0 8.59022e-09
226713 8.46871e-09 0 8.46871e-09
228300 8.34892e-09 0 8.34892e-09
229898 8.23082e-09 0 8.23082e-09
231508 8.11439e-09 0 8.11439e-09
233128 7.99959e-09 0 7.99959e-09
234760 7.88642e-09 0 7.88642e-09
236403 7.77484e-09 0 7.77484e-09
238058 7.66484e-09 0 7.66484e-09
239725 7.55639e-09 0 7.55639e-09
241403 7.44947e-09 0 7.44947e-09
243092 7.34405e-09 0 7.34405e-09
244794 7.24013e-09 0 7.24013e-09
246508 7.13767e-09 0 7.13767e-09
248233 7.03665e-09 0 7.03665e-09
249971 6.93695e-09 0 6.93695e-09
251721 6.83877e-09 0 6.83877e-09
253483 6.74198e-09 0 6.74198e-09
255257 6.64656e-09 0 6.64656e-09
257044 6.55248e-09 0 6.55248e-09
258843 6.45972e-09 0 6.45972e-09
260655 6.36828e-09 0 6.36828e-09
262480 6.27812e-09 0 6.27812e-09
264317 6.18924e-09 0 6.18924e-09
266167 6.10161e-09 0 6.10161e-09
268030 6.01522e-09 0 6.01522e-09
269907 5.93005e-09 0 5.93005e-09
271796 5.84608e-09 0 5.84608e-09
273699 5.7633e-09 0 5.7633e-09
275614 5.68168e-09 0 5.68168e-09
277544 5.60121e-09 0 5.60121e-09
279487 5.52179e-09 0 5.52179e-09
281443 5.44359e-09 0 5.44359e-09
283413 5.36649e-09 0 5.36649e-09
285397 5.29048e-09 0 5.29048e-09
287395 5.21554e-09 0 5.21554e-09
289406 5.14165e-09 0 5.14165e-09
291432 5.06882e-09 0 5.06882e-09
293472 4.997e-09 0 4.997e-09
295527 4.92621e-09 0 4.92621e-09
297595 4.85641e-09 0 4.85641e-09
299679 4.7876e-09 0 4.7876e-09
301776 4.71976e-09 0 4.71976e-09
303889 4.65287e-09 0 4.65287e-09
306016 4.58694e-09 0 4.58694e-09
308158 4.52193e-09 0 4.52193e-09
310315 4.45784e-09 0 4.45784e-09
312487 4.39465e-09 0 4.39465e-09
314675 4.33229e-09 0 4.33229e-09
316877 4.27088e-09 0 4.27088e-09
319096 4.21034e-09 0 4.21034e-09
321329 4.15065e-09 0 4.15065e-09
323579 4.09181e-09 0 4.09181e-09
325844 4.03379e-09 0 4.03379e-09
328125 3.9766e-09 0 3.9766e-09
330421 3.92021e-09 0 3.92021e-09
332734 3.86462e-09 0 3.86462e-09
335064 3.80982e-09 0 3.80982e-09
337409 3.75579e-09 0 3.75579e-09
339771 3.70252e-09 0 3.70252e-09
342149 3.65e-09 0 3.65e-09
344544 3.59823e-09 0 3.59823e-09
346956 3.54719e-09 0 3.54719e-09
349385 3.49687e-09 0 3.49687e-09
351830 3.44726e-09 0 3.44726e-09
354293 3.39829e-09 0 3.39829e-09
356773 3.35008e-09 0 3.35008e-09
359271 3.30254e-09 0 3.30254e-09
361786 3.25568e-09 0 3.25568e-09
364318 3.20948e-09 0 3.20948e-09
366868 3.16394e-09 0 3.16394e-09
369436 3.11903e-09 0 3.11903e-09
372022 3.07476e-09 0 3.07476e-09
374627 3.03112e-09 0 3.03112e-09
377249 2.98809e-09 0 2.98809e-09
379890 2.94567e-09 0 2.94567e-09
382549 2.90386e-09 0 2.90386e-09
385227 2.86263e-09 0 2.86263e-09
387923 2.82198e-09 0 2.82198e-09
390639 2.78191e-09 0 2.78191e-09
393373 2.74241e-09 0 2.74241e-09
396127 2.70341e-09 0 2.70341e-09
398900 2.66502e-09 0 2.66502e-09
401692 2.62717e-09 0 2.62717e-09
404504 2.58986e-09 0 2.58986e-09
407336 2.55307e-09 0 2.55307e-09
410187 2.5168e-09 0 2.5168e-09
413058 2.48105e-09 0 2.48105e-09
415950 2.4458e-09 0 2.4458e-09
418861 2.41105e-09 0 2.41105e-09
421793 2.37679e-09 0 2.37679e-09
424746 2.34302e-09 0 2.34302e-09
427719 2.30972e-09 0 2.30972e-09
430713 2.2769e-09 0 2.2769e-09
433728 2.24453e-09 0 2.24453e-09
436764 2.21263e-09 0 2.21263e-09
439822 2.18118e-09 0 2.18118e-09
442900 2.15017e-09 0 2.15017e-09
446001 2.11956e-09 0 2.11956e-09
449123 2.08943e-09 0 2.08943e-09
452266 2.05972e-09 0 2.05972e-09
455432 2.03044e-09 0 2.03044e-09
458620 2.00156e-09 0 2.00156e-09
461831 1.9731e-09 0 1.9731e-09
465063 1.94504e-09 0 1.94504e-09
468319 1.91737e-09 0 1.91737e-09
471597 1.8901e-09 0 1.8901e-09
474898 1.86321e-09 0 1.86321e-09
478223 1.8367e-09 0 1.8367e-09
481570 1.81057e-09 0 1.81057e-09
484941 1.78481e-09 0 1.78481e-09
488336 1.75941e-09 0 1.75941e-09
491754 1.73438e-09 0 1.73438e-09
495196 1.70969e-09 0 1.70969e-09
498663 1.68536e-09 0 1.68536e-09
502153 1.66134e-09 0 1.66134e-09
505668 1.63769e-09 0 1.63769e-09
509208 1.61438e-09 0 1.61438e-09
512773 1.5914e-09 0 1.5914e-09
516362 1.56874e-09 0 1.56874e-09
519977 1.5464e-09 0 1.5464e-09
523616 1.52438e-09 0 1.52438e-09
527282 1.50268e-09 0 1.50268e-09
530973 1.48127e-09 0 1.48127e-09
534689 1.46018e-09 0 1.46018e-09
538432 1.43938e-09 0 1.43938e-09
542201 1.41887e-09 0 1.41887e-09
545997 1.39866e-09 0 1.39866e-09
549819 1.37873e-09 0 1.37873e-09
553667 1.35909e-09 0 1.35909e-09
557543 1.33972e-09 0 1.33972e-09
561446 1.32063e-09 0 1.32063e-09
565376 1.30178e-09 0 1.30178e-09
569334 1.28323e-09 0 1.28323e-09
573319 1.26494e-09 0 1.26494e-09
577332 1.24691e-09 0 1.24691e-09
581374 1.22913e-09 0 1.22913e-09
585443 1.21161e-09 0 1.21161e-09
589541 1.19433e-09 0 1.19433e-09
593668 1.1773e-09 0 1.1773e-09
597824 1.16052e-09 0 1.16052e-09
602009 1.14396e-09 0 1.14396e-09
606223 1.12765e-09 0 1.12765e-09
610466 1.11156e-09 0 1.11156e-09
614739 1.09571e-09 0 1.09571e-09
619043 1.08007e-09 0 1.08007e-09
623376 1.06466e-09 0 1.06466e-09
627740 1.04947e-09 0 1.04947e-09
632134 1.0345e-09 0 1.0345e-09
636559 1.01972e-09 0 1.01972e-09
641015 1.00517e-09 0 1.00517e-09
645502 9.90819e-10 0 9.90819e-10
