7.17387 4.29632e-06 102.798 9.74069e-51
7.22409 5.11684e-06 101.821 3.08045e-50
7.27465 6.07902e-06 100.838 9.78286e-50
7.32558 7.20454e-06 99.8491 3.1168e-49
7.37686 8.51797e-06 98.8516 9.99145e-49
7.42849 1.0047e-05 97.849 3.21191e-48
7.48049 1.18229e-05 96.8474 1.02906e-47
7.53286 1.38807e-05 95.8382 3.3145e-47
7.58559 1.62597e-05 94.8182 1.07665e-46
7.63869 1.90038e-05 93.7987 3.48818e-46
7.69216 2.21622e-05 92.7753 1.13189e-45
7.746 2.57893e-05 91.7413 3.70434e-45
7.80022 2.99525e-05 90.6938 1.22632e-44
7.85482 3.4706e-05 89.6621 3.98684e-44
7.90981 4.01303e-05 88.6171 1.31083e-43
7.96518 4.63071e-05 87.5545 4.37723e-43
8.02093 5.33266e-05 86.506 1.43839e-42
8.07708 6.12877e-05 85.4412 4.79458e-42
8.13362 7.02988e-05 84.3724 1.6013e-41
8.19055 8.04785e-05 83.304 5.33599e-41
8.24789 9.19563e-05 82.2348 1.77614e-40
8.30562 0.000104873 81.1484 6.00315e-40
8.36376 0.000119382 80.071 2.00696e-39
8.42231 0.00013565 78.9832 6.76781e-39
8.48127 0.000153855 77.8918 2.28638e-38
8.54063 0.000174194 76.796 7.74372e-38
8.60042 0.000196876 75.7013 2.6154e-37
8.66062 0.000222126 74.5984 8.89042e-37
8.72125 0.000250233 73.487 3.04319e-36
8.7823 0.000281367 72.3825 1.0326e-35
8.84377 0.000315852 71.2687 3.53094e-35
8.90568 0.000353984 70.1564 1.20354e-34
8.96802 0.00039608 69.0445 4.09394e-34
9.03079 0.000442479 67.9256 1.4001e-33
9.09401 0.00049354 66.804 4.79426e-33
9.15767 0.000549643 65.6775 1.64701e-32
9.22177 0.000611193 64.5504 5.65296e-32
9.28632 0.000678615 63.4291 1.92625e-31
9.35133 0.000752361 62.3001 6.60432e-31
9.41679 0.000832905 61.1756 2.25089e-30
9.4827 0.000920747 60.0426 7.7264e-30
9.54908 0.00101641 58.9086 2.65081e-29
9.61593 0.00112044 57.7803 9.03092e-29
9.68324 0.00123343 56.6506 3.07664e-28
9.75102 0.00135596 55.5154 1.05244e-27
9.81928 0.00148888 54.3899 3.56157e-27
9.88801 0.00163242 53.2557 1.21391e-26
9.95723 0.00178748 52.1269 4.1097e-26
10.0269 0.00195476 50.9924 1.39761e-25
10.0971 0.00213499 49.8684 4.69702e-25
10.1678 0.00232893 48.7411 1.58188e-24
10.239 0.00253737 47.6224 5.2752e-24
10.3106 0.00276111 46.5019 1.76017e-23
10.3828 0.003001 45.3798 5.87597e-23
10.4555 0.00325789 44.2637 1.94749e-22
10.5287 0.00353266 43.1561 6.39207e-22
10.6024 0.00382622 42.0469 2.09899e-21
10.6766 0.0041395 40.9449 6.83631e-21
10.7513 0.00447345 39.8411 2.22785e-20
10.8266 0.00482904 38.75 7.16027e-20
10.9024 0.00520726 37.6572 2.30304e-19
10.9787 0.00560975 36.5774 7.30432e-19
11.0556 0.00603628 35.4984 2.3122e-18
11.1329 0.00648852 34.4275 7.25196e-18
11.2109 0.00696751 33.3609 2.26277e-17
11.2894 0.00747434 32.3062 6.96879e-17
11.3684 0.00801008 31.2598 2.12662e-16
11.448 0.00857582 30.2188 6.4476e-16
11.5281 0.00917266 29.1861 1.93711e-15
11.6088 0.00980171 28.1672 5.73376e-15
11.69 0.0104641 27.1533 1.68722e-14
11.7719 0.0111609 26.1567 4.87507e-14
11.8543 0.0118933 25.166 1.39903e-13
11.9373 0.0126623 24.1897 3.95425e-13
12.0208 0.0134691 23.2218 1.10729e-12
12.105 0.0143148 22.269 3.05133e-12
12.1897 0.0152006 21.3326 8.26468e-12
12.275 0.0161274 20.4072 2.21228e-11
12.361 0.0170979 19.4966 5.83012e-11
12.4475 0.0181103 18.6019 1.5108e-10
12.5346 0.0191669 17.7213 3.8574e-10
12.6224 0.020269 16.861 9.64216e-10
12.7107 0.0214175 16.0165 2.37086e-09
12.7997 0.0226134 15.1892 5.72528e-09
12.8893 0.0238578 14.3814 1.35476e-08
12.9795 0.0251516 13.5925 3.14339e-08
13.0704 0.0264958 12.8237 7.14361e-08
13.1619 0.0278912 12.075 1.58994e-07
13.254 0.0293389 11.3491 3.456e-07
13.3468 0.0308397 10.6439 7.35376e-07
13.4402 0.0323943 9.95912 1.53207e-06
13.5343 0.0340037 9.30171 3.10344e-06
13.629 0.0356686 8.66592 6.14785e-06
13.7244 0.0373897 8.05382 1.18856e-05
13.8205 0.0391705 7.46741 2.23822e-05
13.9172 0.0410061 6.90497 4.11204e-05
14.0147 0.0428999 6.36737 7.36453e-05
14.1128 0.0448526 5.85767 0.000128184
14.2116 0.0468647 5.37248 0.000217575
14.311 0.0489367 4.91321 0.000359629
14.4112 0.051069 4.47949 0.000579079
14.5121 0.0532621 4.07193 0.000907827
14.6137 0.0555164 3.69005 0.00138629
14.716 0.0578322 3.33317 0.00206345
14.819 0.0602098 2.99964 0.00299876
14.9227 0.0626495 2.69244 0.00424235
15.0272 0.0651514 2.40858 0.00585992
15.1324 0.0677158 2.14621 0.00791777
15.2383 0.0703426 1.90743 0.0104432
15.345 0.0730321 1.68833 0.0134984
15.4524 0.0757842 1.48992 0.0170811
15.5605 0.0786031 1.31032 0.0212018
15.6695 0.0814802 1.14815 0.0258474
15.7791 0.0844197 1.00268 0.0309733
15.8896 0.0874214 0.872677 0.0365274
16.0008 0.0904852 0.757071 0.042441
16.1128 0.0936108 0.654658 0.048642
16.2256 0.0967978 0.564177 0.0550613
16.3392 0.100046 0.484441 0.0616325
16.4536 0.103355 0.414749 0.0682666
16.5688 0.106724 0.35401 0.0749064
16.6847 0.110153 0.300993 0.0815227
16.8015 0.113642 0.25527 0.0880393
16.9191 0.117189 0.215752 0.094447
17.0376 0.120795 0.181721 0.100723
17.1568 0.124458 0.152572 0.106847
17.2769 0.128178 0.127707 0.112811
17.3979 0.131961 0.106566 0.118621
17.5197 0.135792 0.0886494 0.124273
17.6423 0.139679 0.0735154 0.129779
17.7658 0.143619 0.0607571 0.135153
17.8902 0.147613 0.0500027 0.140413
18.0154 0.151658 0.0410486 0.145559
18.1415 0.155756 0.0335582 0.150615
18.2685 0.159903 0.0273448 0.15559
18.3964 0.1641 0.0221818 0.1605
18.5251 0.168346 0.0179187 0.165356
18.6548 0.172639 0.0144335 0.170165
18.7854 0.176978 0.0115682 0.174943
18.9169 0.181363 0.00922801 0.179697
19.0493 0.185793 0.00732458 0.184437
19.1827 0.190265 0.00579031 0.189167
19.3169 0.19478 0.00455592 0.193894
19.4522 0.199336 0.00356058 0.198627
19.5883 0.203938 0.00277171 0.203374
19.7254 0.208572 0.00214521 0.208125
19.8635 0.213244 0.00165155 0.212892
20.0026 0.217952 0.00126466 0.217677
20.1426 0.222696 0.000962442 0.222481
20.2836 0.227473 0.000729325 0.227307
20.4256 0.232283 0.000549699 0.232155
20.5685 0.237125 0.000411656 0.237027
20.7125 0.241997 0.000306691 0.241923
20.8575 0.246898 0.000227439 0.246842
21.0035 0.251827 0.000167638 0.251785
21.1505 0.256783 0.000123018 0.256751
21.2986 0.261764 8.96794e-05 0.261741
21.4477 0.266769 6.50444e-05 0.266752
21.5978 0.271798 4.68915e-05 0.271785
21.749 0.276848 3.35986e-05 0.276838
21.9012 0.281926 2.39194e-05 0.281919
22.0545 0.287015 1.68924e-05 0.28701
22.2089 0.292123 1.18433e-05 0.292119
22.3644 0.297247 8.21829e-06 0.297244
22.5209 0.302386 5.64921e-06 0.302385
22.6786 0.307541 3.83835e-06 0.307539
22.8373 0.312708 2.56665e-06 0.312707
22.9972 0.317887 1.6847e-06 0.317887
23.1582 0.323077 1.07674e-06 0.323077
23.3203 0.328277 6.75446e-07 0.328276
23.4835 0.333485 4.08661e-07 0.333485
23.6479 0.3387 2.34304e-07 0.3387
23.8134 0.343921 1.21427e-07 0.343921
23.9801 0.349148 5.60147e-08 0.349148
24.148 0.354378 1.86344e-08 0.354378
24.317 0.359611 0 0.359611
24.4873 0.364846 0 0.364846
24.6587 0.370089 0 0.370089
24.8313 0.375323 0 0.375323
25.0051 0.380557 0 0.380557
25.1801 0.385787 0 0.385787
25.3564 0.391014 0 0.391014
25.5339 0.396237 0 0.396237
25.7126 0.401454 0 0.401454
25.8926 0.406664 0 0.406664
26.0739 0.411867 0 0.411867
26.2564 0.417062 0 0.417062
26.4402 0.422247 0 0.422247
26.6253 0.427422 0 0.427422
26.8116 0.432587 0 0.432587
26.9993 0.437739 0 0.437739
27.1883 0.442878 0 0.442878
27.3786 0.448004 0 0.448004
27.5703 0.453124 0 0.453124
27.7633 0.45822 0 0.45822
27.9576 0.4633 0 0.4633
28.1533 0.468364 0 0.468364
28.3504 0.47341 0 0.47341
28.5488 0.478438 0 0.478438
28.7487 0.483447 0 0.483447
28.9499 0.488437 0 0.488437
29.1526 0.493407 0 0.493407
29.3566 0.498356 0 0.498356
29.5621 0.503284 0 0.503284
29.7691 0.50819 0 0.50819
29.9775 0.513073 0 0.513073
30.1873 0.517933 0 0.517933
30.3986 0.52277 0 0.52277
30.6114 0.527583 0 0.527583
30.8257 0.53237 0 0.53237
31.0415 0.53714 0 0.53714
31.2588 0.541877 0 0.541877
31.4776 0.546588 0 0.546588
31.6979 0.551272 0 0.551272
31.9198 0.55593 0 0.55593
32.1432 0.56056 0 0.56056
32.3682 0.565162 0 0.565162
32.5948 0.569737 0 0.569737
32.823 0.574283 0 0.574283
33.0527 0.5788 0 0.5788
33.2841 0.583289 0 0.583289
33.5171 0.587747 0 0.587747
33.7517 0.592177 0 0.592177
33.988 0.596576 0 0.596576
34.2259 0.600946 0 0.600946
34.4655 0.605284 0 0.605284
34.7067 0.609593 0 0.609593
34.9497 0.613876 0 0.613876
35.1943 0.618122 0 0.618122
35.4407 0.622337 0 0.622337
35.6888 0.62652 0 0.62652
35.9386 0.630672 0 0.630672
36.1902 0.634792 0 0.634792
36.4435 0.63888 0 0.63888
36.6986 0.642937 0 0.642937
36.9555 0.646961 0 0.646961
37.2142 0.650953 0 0.650953
37.4747 0.654912 0 0.654912
37.737 0.65884 0 0.65884
38.0012 0.662735 0 0.662735
38.2672 0.666597 0 0.666597
38.535 0.670427 0 0.670427
38.8048 0.674224 0 0.674224
39.0764 0.677994 0 0.677994
39.35 0.681726 0 0.681726
39.6254 0.685425 0 0.685425
39.9028 0.689092 0 0.689092
40.1821 0.692726 0 0.692726
40.4634 0.696327 0 0.696327
40.7466 0.699896 0 0.699896
41.0318 0.703433 0 0.703433
41.3191 0.706937 0 0.706937
41.6083 0.710408 0 0.710408
41.8996 0.713847 0 0.713847
42.1929 0.717254 0 0.717254
42.4882 0.720629 0 0.720629
42.7856 0.723971 0 0.723971
43.0851 0.727282 0 0.727282
43.3867 0.73056 0 0.73056
43.6904 0.733807 0 0.733807
43.9963 0.737027 0 0.737027
44.3042 0.74021 0 0.74021
44.6144 0.743361 0 0.743361
44.9267 0.746481 0 0.746481
45.2411 0.74957 0 0.74957
45.5578 0.752628 0 0.752628
45.8767 0.755655 0 0.755655
46.1979 0.758651 0 0.758651
46.5213 0.761616 0 0.761616
46.8469 0.764551 0 0.764551
47.1748 0.767456 0 0.767456
47.5051 0.77033 0 0.77033
47.8376 0.773174 0 0.773174
48.1725 0.775988 0 0.775988
48.5097 0.778773 0 0.778773
48.8492 0.781528 0 0.781528
49.1912 0.784257 0 0.784257
49.5355 0.786953 0 0.786953
49.8823 0.789621 0 0.789621
50.2314 0.792259 0 0.792259
50.5831 0.794869 0 0.794869
50.9371 0.79745 0 0.79745
51.2937 0.800003 0 0.800003
51.6528 0.802528 0 0.802528
52.0143 0.805025 0 0.805025
52.3784 0.807494 0 0.807494
52.7451 0.809936 0 0.809936
53.1143 0.812351 0 0.812351
53.4861 0.814739 0 0.814739
53.8605 0.8171 0 0.8171
54.2375 0.819434 0 0.819434
54.6172 0.821742 0 0.821742
54.9995 0.824023 0 0.824023
55.3845 0.826282 0 0.826282
55.7722 0.828511 0 0.828511
56.1626 0.830715 0 0.830715
56.5557 0.832894 0 0.832894
56.9516 0.835047 0 0.835047
57.3503 0.837175 0 0.837175
57.7517 0.839279 0 0.839279
58.156 0.841358 0 0.841358
58.5631 0.843413 0 0.843413
58.973 0.845444 0 0.845444
59.3858 0.84745 0 0.84745
59.8015 0.849433 0 0.849433
60.2202 0.851393 0 0.851393
60.6417 0.853329 0 0.853329
61.0662 0.855243 0 0.855243
61.4937 0.857133 0 0.857133
61.9241 0.859004 0 0.859004
62.3576 0.860849 0 0.860849
62.7941 0.862672 0 0.862672
63.2336 0.864474 0 0.864474
63.6763 0.866253 0 0.866253
64.122 0.868011 0 0.868011
64.5709 0.869748 0 0.869748
65.0229 0.871463 0 0.871463
65.478 0.873158 0 0.873158
65.9364 0.874832 0 0.874832
66.3979 0.876485 0 0.876485
66.8627 0.878118 0 0.878118
67.3307 0.879731 0 0.879731
67.8021 0.881324 0 0.881324
68.2767 0.882898 0 0.882898
68.7546 0.884452 0 0.884452
69.2359 0.885986 0 0.885986
69.7205 0.887504 0 0.887504
70.2086 0.889001 0 0.889001
70.7001 0.890479 0 0.890479
71.195 0.891938 0 0.891938
71.6933 0.89338 0 0.89338
72.1952 0.894803 0 0.894803
72.7005 0.896208 0 0.896208
73.2094 0.897596 0 0.897596
73.7219 0.898966 0 0.898966
74.238 0.900319 0 0.900319
74.7576 0.901655 0 0.901655
75.2809 0.902973 0 0.902973
75.8079 0.904276 0 0.904276
76.3385 0.905561 0 0.905561
76.8729 0.90683 0 0.90683
77.411 0.908083 0 0.908083
77.9529 0.909322 0 0.909322
78.4986 0.910543 0 0.910543
79.0481 0.911749 0 0.911749
79.6014 0.912939 0 0.912939
80.1586 0.914113 0 0.914113
80.7197 0.915273 0 0.915273
81.2848 0.916418 0 0.916418
81.8538 0.917548 0 0.917548
82.4267 0.918663 0 0.918663
83.0037 0.919764 0 0.919764
83.5847 0.92085 0 0.92085
84.1698 0.921923 0 0.921923
84.759 0.922982 0 0.922982
85.3523 0.924027 0 0.924027
85.9498 0.925058 0 0.925058
86.5515 0.926076 0 0.926076
87.1573 0.92708 0 0.92708
87.7674 0.928073 0 0.928073
88.3818 0.929052 0 0.929052
89.0005 0.930017 0 0.930017
89.6235 0.93097 0 0.93097
90.2508 0.931911 0 0.931911
90.8826 0.932839 0 0.932839
91.5188 0.933755 0 0.933755
92.1594 0.934659 0 0.934659
92.8045 0.935551 0 0.935551
93.4541 0.936431 0 0.936431
94.1083 0.9373 0 0.9373
94.7671 0.938157 0 0.938157
95.4304 0.939003 0 0.939003
96.0985 0.939837 0 0.939837
96.7711 0.940661 0 0.940661
97.4485 0.941473 0 0.941473
98.1307 0.942276 0 0.942276
98.8176 0.943067 0 0.943067
99.5093 0.943848 0 0.943848
100.206 0.944618 0 0.944618
100.907 0.945378 0 0.945378
101.614 0.946128 0 0.946128
102.325 0.946868 0 0.946868
103.041 0.947598 0 0.947598
103.763 0.948318 0 0.948318
104.489 0.949029 0 0.949029
105.22 0.94973 0 0.94973
105.957 0.950421 0 0.950421
106.699 0.951104 0 0.951104
107.445 0.951777 0 0.951777
108.198 0.952441 0 0.952441
108.955 0.953097 0 0.953097
109.718 0.953743 0 0.953743
110.486 0.954382 0 0.954382
111.259 0.955011 0 0.955011
112.038 0.955632 0 0.955632
112.822 0.956244 0 0.956244
113.612 0.956848 0 0.956848
114.407 0.957444 0 0.957444
115.208 0.958032 0 0.958032
116.014 0.958612 0 0.958612
116.827 0.959184 0 0.959184
117.644 0.959748 0 0.959748
118.468 0.960305 0 0.960305
119.297 0.960854 0 0.960854
120.132 0.961396 0 0.961396
120.973 0.96193 0 0.96193
121.82 0.962457 0 0.962457
122.673 0.962977 0 0.962977
123.531 0.963491 0 0.963491
124.396 0.963996 0 0.963996
125.267 0.964495 0 0.964495
126.144 0.964988 0 0.964988
127.027 0.965473 0 0.965473
127.916 0.965952 0 0.965952
128.811 0.966424 0 0.966424
129.713 0.96689 0 0.96689
130.621 0.96735 0 0.96735
131.535 0.967803 0 0.967803
132.456 0.96825 0 0.96825
133.383 0.968691 0 0.968691
134.317 0.969126 0 0.969126
135.257 0.969555 0 0.969555
136.204 0.969978 0 0.969978
137.157 0.970396 0 0.970396
138.118 0.970807 0 0.970807
139.084 0.971214 0 0.971214
140.058 0.971614 0 0.971614
141.038 0.972009 0 0.972009
142.026 0.972399 0 0.972399
143.02 0.972783 0 0.972783
144.021 0.973162 0 0.973162
145.029 0.973535 0 0.973535
146.044 0.973904 0 0.973904
147.067 0.974267 0 0.974267
148.096 0.974626 0 0.974626
149.133 0.974979 0 0.974979
150.177 0.975328 0 0.975328
151.228 0.975672 0 0.975672
152.287 0.976011 0 0.976011
153.353 0.976346 0 0.976346
154.426 0.976676 0 0.976676
155.507 0.977001 0 0.977001
156.596 0.977322 0 0.977322
157.692 0.977639 0 0.977639
158.796 0.977951 0 0.977951
159.907 0.978258 0 0.978258
161.026 0.978562 0 0.978562
162.154 0.978861 0 0.978861
163.289 0.979156 0 0.979156
164.432 0.979447 0 0.979447
165.583 0.979734 0 0.979734
166.742 0.980017 0 0.980017
167.909 0.980297 0 0.980297
169.084 0.980572 0 0.980572
170.268 0.980843 0 0.980843
171.46 0.981111 0 0.981111
172.66 0.981375 0 0.981375
173.869 0.981636 0 0.981636
175.086 0.981893 0 0.981893
176.311 0.982146 0 0.982146
177.546 0.982396 0 0.982396
178.788 0.982642 0 0.982642
180.04 0.982885 0 0.982885
181.3 0.983124 0 0.983124
182.569 0.98336 0 0.98336
183.847 0.983593 0 0.983593
185.134 0.983823 0 0.983823
186.43 0.984049 0 0.984049
187.735 0.984272 0 0.984272
189.049 0.984492 0 0.984492
190.373 0.98471 0 0.98471
191.705 0.984924 0 0.984924
193.047 0.985135 0 0.985135
194.399 0.985343 0 0.985343
195.759 0.985549 0 0.985549
197.13 0.985751 0 0.985751
198.51 0.985951 0 0.985951
199.899 0.986147 0 0.986147
201.298 0.986342 0 0.986342
202.707 0.986533 0 0.986533
204.126 0.986722 0 0.986722
205.555 0.986908 0 0.986908
206.994 0.987091 0 0.987091
208.443 0.987272 0 0.987272
209.902 0.987451 0 0.987451
211.372 0.987627 0 0.987627
212.851 0.9878 0 0.9878
214.341 0.987971 0 0.987971
215.842 0.98814 0 0.98814
217.352 0.988306 0 0.988306
218.874 0.98847 0 0.98847
220.406 0.988632 0 0.988632
221.949 0.988792 0 0.988792
223.502 0.988949 0 0.988949
225.067 0.989104 0 0.989104
226.642 0.989257 0 0.989257
228.229 0.989408 0 0.989408
229.827 0.989556 0 0.989556
231.435 0.989703 0 0.989703
233.055 0.989847 0 0.989847
234.687 0.98999 0 0.98999
236.33 0.99013 0 0.99013
237.984 0.990269 0 0.990269
239.65 0.990406 0 0.990406
241.327 0.99054 0 0.99054
243.017 0.990673 0 0.990673
244.718 0.990804 0 0.990804
246.431 0.990933 0 0.990933
248.156 0.991061 0 0.991061
249.893 0.991186 0 0.991186
251.642 0.99131 0 0.99131
253.404 0.991432 0 0.991432
255.177 0.991552 0 0.991552
256.964 0.991671 0 0.991671
258.762 0.991788 0 0.991788
260.574 0.991903 0 0.991903
262.398 0.992017 0 0.992017
264.235 0.992129 0 0.992129
266.084 0.99224 0 0.99224
267.947 0.992349 0 0.992349
269.822 0.992457 0 0.992457
271.711 0.992563 0 0.992563
273.613 0.992667 0 0.992667
275.528 0.99277 0 0.99277
277.457 0.992872 0 0.992872
279.399 0.992972 0 0.992972
281.355 0.993071 0 0.993071
283.325 0.993168 0 0.993168
285.308 0.993264 0 0.993264
287.305 0.993359 0 0.993359
289.316 0.993452 0 0.993452
291.341 0.993544 0 0.993544
293.381 0.993635 0 0.993635
295.434 0.993725 0 0.993725
297.503 0.993813 0 0.993813
299.585 0.9939 0 0.9939
301.682 0.993986 0 0.993986
303.794 0.99407 0 0.99407
305.92 0.994154 0 0.994154
308.062 0.994236 0 0.994236
310.218 0.994317 0 0.994317
312.39 0.994397 0 0.994397
314.577 0.994476 0 0.994476
316.779 0.994554 0 0.994554
318.996 0.99463 0 0.99463
321.229 0.994706 0 0.994706
323.478 0.99478 0 0.99478
325.742 0.994854 0 0.994854
328.022 0.994926 0 0.994926
330.318 0.994997 0 0.994997
332.631 0.995068 0 0.995068
334.959 0.995137 0 0.995137
337.304 0.995206 0 0.995206
339.665 0.995273 0 0.995273
342.042 0.99534 0 0.99534
344.437 0.995405 0 0.995405
346.848 0.99547 0 0.99547
349.276 0.995534 0 0.995534
351.721 0.995596 0 0.995596
354.183 0.995658 0 0.995658
356.662 0.99572 0 0.99572
359.159 0.99578 0 0.99578
361.673 0.995839 0 0.995839
364.204 0.995898 0 0.995898
366.754 0.995955 0 0.995955
369.321 0.996012 0 0.996012
371.906 0.996069 0 0.996069
374.51 0.996124 0 0.996124
377.131 0.996178 0 0.996178
379.771 0.996232 0 0.996232
382.43 0.996285 0 0.996285
385.107 0.996338 0 0.996338
387.802 0.996389 0 0.996389
390.517 0.99644 0 0.99644
393.251 0.99649 0 0.99649
396.003 0.99654 0 0.99654
398.775 0.996588 0 0.996588
401.567 0.996636 0 0.996636
404.378 0.996684 0 0.996684
407.208 0.99673 0 0.99673
410.059 0.996776 0 0.996776
412.929 0.996822 0 0.996822
415.82 0.996866 0 0.996866
418.731 0.996911 0 0.996911
421.662 0.996954 0 0.996954
424.613 0.996997 0 0.996997
427.586 0.997039 0 0.997039
430.579 0.997081 0 0.997081
433.593 0.997122 0 0.997122
436.628 0.997163 0 0.997163
439.684 0.997203 0 0.997203
442.762 0.997242 0 0.997242
445.861 0.997281 0 0.997281
448.983 0.997319 0 0.997319
452.125 0.997357 0 0.997357
455.29 0.997394 0 0.997394
458.477 0.997431 0 0.997431
461.687 0.997467 0 0.997467
464.918 0.997503 0 0.997503
468.173 0.997538 0 0.997538
471.45 0.997573 0 0.997573
474.75 0.997607 0 0.997607
478.073 0.99764 0 0.99764
481.42 0.997674 0 0.997674
484.79 0.997706 0 0.997706
488.183 0.997739 0 0.997739
491.601 0.997771 0 0.997771
495.042 0.997802 0 0.997802
498.507 0.997833 0 0.997833
501.997 0.997863 0 0.997863
505.511 0.997894 0 0.997894
509.049 0.997923 0 0.997923
512.613 0.997952 0 0.997952
516.201 0.997981 0 0.997981
519.814 0.99801 0 0.99801
523.453 0.998038 0 0.998038
527.117 0.998065 0 0.998065
530.807 0.998093 0 0.998093
534.523 0.99812 0 0.99812
538.264 0.998146 0 0.998146
542.032 0.998172 0 0.998172
545.826 0.998198 0 0.998198
549.647 0.998223 0 0.998223
553.495 0.998248 0 0.998248
557.369 0.998273 0 0.998273
561.271 0.998297 0 0.998297
565.2 0.998321 0 0.998321
569.156 0.998345 0 0.998345
573.14 0.998368 0 0.998368
577.152 0.998391 0 0.998391
581.192 0.998414 0 0.998414
585.261 0.998436 0 0.998436
589.357 0.998458 0 0.998458
593.483 0.99848 0 0.99848
597.637 0.998501 0 0.998501
601.821 0.998523 0 0.998523
606.034 0.998543 0 0.998543
610.276 0.998564 0 0.998564
614.548 0.998584 0 0.998584
618.85 0.998604 0 0.998604
623.181 0.998624 0 0.998624
627.544 0.998643 0 0.998643
631.937 0.998662 0 0.998662
636.36 0.998681 0 0.998681
640.815 0.9987 0 0.9987
645.3 0.998718 0 0.998718
649.817 0.998736 0 0.998736
654.366 0.998754 0 0.998754
658.947 0.998771 0 0.998771
663.559 0.998789 0 0.998789
668.204 0.998806 0 0.998806
672.882 0.998823 0 0.998823
677.592 0.998839 0 0.998839
682.335 0.998856 0 0.998856
687.111 0.998872 0 0.998872
691.921 0.998888 0 0.998888
696.765 0.998903 0 0.998903
701.642 0.998919 0 0.998919
706.553 0.998934 0 0.998934
711.499 0.998949 0 0.998949
716.48 0.998964 0 0.998964
721.495 0.998978 0 0.998978
726.546 0.998993 0 0.998993
731.631 0.999007 0 0.999007
736.753 0.999021 0 0.999021
741.91 0.999035 0 0.999035
747.103 0.999048 0 0.999048
752.333 0.999062 0 0.999062
757.6 0.999075 0 0.999075
762.903 0.999088 0 0.999088
768.243 0.999101 0 0.999101
773.621 0.999114 0 0.999114
779.036 0.999126 0 0.999126
784.489 0.999138 0 0.999138
789.981 0.999151 0 0.999151
795.511 0.999163 0 0.999163
801.079 0.999174 0 0.999174
806.687 0.999186 0 0.999186
812.334 0.999197 0 0.999197
818.02 0.999209 0 0.999209
823.746 0.99922 0 0.99922
829.512 0.999231 0 0.999231
835.319 0.999242 0 0.999242
841.166 0.999252 0 0.999252
847.054 0.999263 0 0.999263
852.984 0.999273 0 0.999273
858.955 0.999284 0 0.999284
864.967 0.999294 0 0.999294
871.022 0.999304 0 0.999304
877.119 0.999313 0 0.999313
883.259 0.999323 0 0.999323
889.442 0.999333 0 0.999333
895.668 0.999342 0 0.999342
901.938 0.999351 0 0.999351
908.251 0.99936 0 0.99936
914.609 0.999369 0 0.999369
921.011 0.999378 0 0.999378
927.458 0.999387 0 0.999387
933.95 0.999396 0 0.999396
940.488 0.999404 0 0.999404
947.072 0.999413 0 0.999413
953.701 0.999421 0 0.999421
960.377 0.999429 0 0.999429
967.1 0.999437 0 0.999437
973.869 0.999445 0 0.999445
980.686 0.999453 0 0.999453
987.551 0.999461 0 0.999461
994.464 0.999468 0 0.999468
1001.43 0.999476 0 0.999476
1008.44 0.999483 0 0.999483
1015.49 0.99949 0 0.99949
1022.6 0.999498 0 0.999498
1029.76 0.999505 0 0.999505
1036.97 0.999512 0 0.999512
1044.23 0.999518 0 0.999518
1051.54 0.999525 0 0.999525
1058.9 0.999532 0 0.999532
1066.31 0.999539 0 0.999539
1073.77 0.999545 0 0.999545
1081.29 0.999551 0 0.999551
1088.86 0.999558 0 0.999558
1096.48 0.999564 0 0.999564
1104.16 0.99957 0 0.99957
1111.89 0.999576 0 0.999576
1119.67 0.999582 0 0.999582
1127.51 0.999588 0 0.999588
1135.4 0.999594 0 0.999594
1143.35 0.9996 0 0.9996
1151.35 0.999605 0 0.999605
1159.41 0.999611 0 0.999611
1167.53 0.999616 0 0.999616
1175.7 0.999622 0 0.999622
1183.93 0.999627 0 0.999627
1192.22 0.999632 0 0.999632
1200.56 0.999637 0 0.999637
1208.97 0.999643 0 0.999643
1217.43 0.999648 0 0.999648
1225.95 0.999653 0 0.999653
1234.53 0.999657 0 0.999657
1243.17 0.999662 0 0.999662
1251.88 0.999667 0 0.999667
1260.64 0.999672 0 0.999672
1269.46 0.999676 0 0.999676
1278.35 0.999681 0 0.999681
1287.3 0.999685 0 0.999685
1296.31 0.99969 0 0.99969
1305.38 0.999694 0 0.999694
1314.52 0.999699 0 0.999699
1323.72 0.999703 0 0.999703
1332.99 0.999707 0 0.999707
1342.32 0.999711 0 0.999711
1351.72 0.999715 0 0.999715
1361.18 0.999719 0 0.999719
1370.71 0.999723 0 0.999723
1380.3 0.999727 0 0.999727
1389.96 0.999731 0 0.999731
1399.69 0.999735 0 0.999735
1409.49 0.999738 0 0.999738
1419.36 0.999742 0 0.999742
1429.29 0.999746 0 0.999746
1439.3 0.999749 0 0.999749
1449.37 0.999753 0 0.999753
1459.52 0.999756 0 0.999756
1469.74 0.99976 0 0.99976
1480.02 0.999763 0 0.999763
1490.38 0.999767 0 0.999767
1500.82 0.99977 0 0.99977
1511.32 0.999773 0 0.999773
1521.9 0.999776 0 0.999776
1532.56 0.999779 0 0.999779
1543.28 0.999783 0 0.999783
1554.09 0.999786 0 0.999786
1564.97 0.999789 0 0.999789
1575.92 0.999792 0 0.999792
1586.95 0.999795 0 0.999795
1598.06 0.999797 0 0.999797
1609.25 0.9998 0 0.9998
1620.51 0.999803 0 0.999803
1631.85 0.999806 0 0.999806
1643.28 0.999809 0 0.999809
1654.78 0.999811 0 0.999811
1666.36 0.999814 0 0.999814
1678.03 0.999817 0 0.999817
1689.77 0.999819 0 0.999819
1701.6 0.999822 0 0.999822
1713.51 0.999824 0 0.999824
1725.51 0.999827 0 0.999827
1737.59 0.999829 0 0.999829
1749.75 0.999832 0 0.999832
1762 0.999834 0 0.999834
1774.33 0.999836 0 0.999836
1786.75 0.999839 0 0.999839
1799.26 0.999841 0 0.999841
1811.86 0.999843 0 0.999843
1824.54 0.999845 0 0.999845
1837.31 0.999847 0 0.999847
1850.17 0.99985 0 0.99985
1863.12 0.999852 0 0.999852
1876.16 0.999854 0 0.999854
1889.3 0.999856 0 0.999856
1902.52 0.999858 0 0.999858
1915.84 0.99986 0 0.99986
1929.25 0.999862 0 0.999862
1942.76 0.999864 0 0.999864
1956.36 0.999866 0 0.999866
1970.05 0.999868 0 0.999868
1983.84 0.99987 0 0.99987
1997.73 0.999871 0 0.999871
2011.71 0.999873 0 0.999873
2025.79 0.999875 0 0.999875
2039.97 0.999877 0 0.999877
2054.25 0.999878 0 0.999878
2068.63 0.99988 0 0.99988
2083.11 0.999882 0 0.999882
2097.7 0.999884 0 0.999884
2112.38 0.999885 0 0.999885
2127.17 0.999887 0 0.999887
2142.06 0.999888 0 0.999888
2157.05 0.99989 0 0.99989
2172.15 0.999891 0 0.999891
2187.35 0.999893 0 0.999893
2202.67 0.999895 0 0.999895
2218.08 0.999896 0 0.999896
2233.61 0.999897 0 0.999897
2249.25 0.999899 0 0.999899
2264.99 0.9999 0 0.9999
2280.85 0.999902 0 0.999902
2296.81 0.999903 0 0.999903
2312.89 0.999904 0 0.999904
2329.08 0.999906 0 0.999906
2345.38 0.999907 0 0.999907
2361.8 0.999908 0 0.999908
2378.33 0.99991 0 0.99991
2394.98 0.999911 0 0.999911
2411.75 0.999912 0 0.999912
2428.63 0.999914 0 0.999914
2445.63 0.999915 0 0.999915
2462.75 0.999916 0 0.999916
2479.99 0.999917 0 0.999917
2497.35 0.999918 0 0.999918
2514.83 0.999919 0 0.999919
2532.43 0.999921 0 0.999921
2550.16 0.999922 0 0.999922
2568.01 0.999923 0 0.999923
2585.99 0.999924 0 0.999924
2604.09 0.999925 0 0.999925
2622.32 0.999926 0 0.999926
2640.67 0.999927 0 0.999927
2659.16 0.999928 0 0.999928
2677.77 0.999929 0 0.999929
2696.52 0.99993 0 0.99993
2715.39 0.999931 0 0.999931
2734.4 0.999932 0 0.999932
2753.54 0.999933 0 0.999933
2772.82 0.999934 0 0.999934
2792.23 0.999935 0 0.999935
2811.77 0.999936 0 0.999936
2831.45 0.999937 0 0.999937
2851.28 0.999938 0 0.999938
2871.23 0.999938 0 0.999938
2891.33 0.999939 0 0.999939
2911.57 0.99994 0 0.99994
2931.95 0.999941 0 0.999941
2952.48 0.999942 0 0.999942
2973.14 0.999943 0 0.999943
2993.96 0.999944 0 0.999944
3014.91 0.999944 0 0.999944
3036.02 0.999945 0 0.999945
3057.27 0.999946 0 0.999946
3078.67 0.999947 0 0.999947
3100.22 0.999947 0 0.999947
3121.92 0.999948 0 0.999948
3143.78 0.999949 0 0.999949
3165.78 0.99995 0 0.99995
3187.94 0.99995 0 0.99995
3210.26 0.999951 0 0.999951
3232.73 0.999952 0 0.999952
3255.36 0.999952 0 0.999952
3278.15 0.999953 0 0.999953
3301.09 0.999954 0 0.999954
3324.2 0.999954 0 0.999954
3347.47 0.999955 0 0.999955
3370.9 0.999956 0 0.999956
3394.5 0.999956 0 0.999956
3418.26 0.999957 0 0.999957
3442.19 0.999957 0 0.999957
3466.29 0.999958 0 0.999958
3490.55 0.999959 0 0.999959
3514.98 0.999959 0 0.999959
3539.59 0.99996 0 0.99996
3564.37 0.99996 0 0.99996
3589.32 0.999961 0 0.999961
3614.44 0.999961 0 0.999961
3639.74 0.999962 0 0.999962
3665.22 0.999963 0 0.999963
3690.88 0.999963 0 0.999963
3716.71 0.999964 0 0.999964
3742.73 0.999964 0 0.999964
3768.93 0.999965 0 0.999965
3795.31 0.999965 0 0.999965
3821.88 0.999966 0 0.999966
3848.63 0.999966 0 0.999966
3875.57 0.999967 0 0.999967
3902.7 0.999967 0 0.999967
3930.02 0.999968 0 0.999968
3957.53 0.999968 0 0.999968
3985.23 0.999968 0 0.999968
4013.13 0.999969 0 0.999969
4041.22 0.999969 0 0.999969
4069.51 0.99997 0 0.99997
4098 0.99997 0 0.99997
4126.68 0.999971 0 0.999971
4155.57 0.999971 0 0.999971
4184.66 0.999971 0 0.999971
4213.95 0.999972 0 0.999972
4243.45 0.999972 0 0.999972
4273.15 0.999973 0 0.999973
4303.06 0.999973 0 0.999973
4333.19 0.999973 0 0.999973
4363.52 0.999974 0 0.999974
4394.06 0.999974 0 0.999974
4424.82 0.999974 0 0.999974
4455.8 0.999975 0 0.999975
4486.99 0.999975 0 0.999975
4518.39 0.999976 0 0.999976
4550.02 0.999976 0 0.999976
4581.87 0.999976 0 0.999976
4613.95 0.999977 0 0.999977
4646.24 0.999977 0 0.999977
4678.77 0.999977 0 0.999977
4711.52 0.999978 0 0.999978
4744.5 0.999978 0 0.999978
4777.71 0.999978 0 0.999978
4811.16 0.999978 0 0.999978
4844.83 0.999979 0 0.999979
4878.75 0.999979 0 0.999979
4912.9 0.999979 0 0.999979
4947.29 0.99998 0 0.99998
4981.92 0.99998 0 0.99998
5016.79 0.99998 0 0.99998
5051.91 0.999981 0 0.999981
5087.27 0.999981 0 0.999981
5122.89 0.999981 0 0.999981
5158.75 0.999981 0 0.999981
5194.86 0.999982 0 0.999982
5231.22 0.999982 0 0.999982
5267.84 0.999982 0 0.999982
5304.71 0.999982 0 0.999982
5341.85 0.999983 0 0.999983
5379.24 0.999983 0 0.999983
5416.89 0.999983 0 0.999983
5454.81 0.999983 0 0.999983
5493 0.999984 0 0.999984
5531.45 0.999984 0 0.999984
5570.17 0.999984 0 0.999984
5609.16 0.999984 0 0.999984
5648.42 0.999984 0 0.999984
5687.96 0.999985 0 0.999985
5727.78 0.999985 0 0.999985
5767.87 0.999985 0 0.999985
5808.25 0.999985 0 0.999985
5848.91 0.999986 0 0.999986
5889.85 0.999986 0 0.999986
5931.08 0.999986 0 0.999986
5972.59 0.999986 0 0.999986
6014.4 0.999986 0 0.999986
6056.5 0.999987 0 0.999987
6098.9 0.999987 0 0.999987
6141.59 0.999987 0 0.999987
6184.58 0.999987 0 0.999987
6227.87 0.999987 0 0.999987
6271.47 0.999987 0 0.999987
6315.37 0.999988 0 0.999988
6359.58 0.999988 0 0.999988
6404.09 0.999988 0 0.999988
6448.92 0.999988 0 0.999988
6494.07 0.999988 0 0.999988
6539.52 0.999988 0 0.999988
6585.3 0.999989 0 0.999989
6631.4 0.999989 0 0.999989
6677.82 0.999989 0 0.999989
6724.56 0.999989 0 0.999989
6771.63 0.999989 0 0.999989
6819.04 0.999989 0 0.999989
6866.77 0.99999 0 0.99999
6914.84 0.99999 0 0.99999
6963.24 0.99999 0 0.99999
7011.98 0.99999 0 0.99999
7061.07 0.99999 0 0.99999
7110.49 0.99999 0 0.99999
7160.27 0.99999 0 0.99999
7210.39 0.999991 0 0.999991
7260.86 0.999991 0 0.999991
7311.69 0.999991 0 0.999991
7362.87 0.999991 0 0.999991
7414.41 0.999991 0 0.999991
7466.31 0.999991 0 0.999991
7518.57 0.999991 0 0.999991
7571.2 0.999991 0 0.999991
7624.2 0.999992 0 0.999992
7677.57 0.999992 0 0.999992
7731.32 0.999992 0 0.999992
7785.43 0.999992 0 0.999992
7839.93 0.999992 0 0.999992
7894.81 0.999992 0 0.999992
7950.08 0.999992 0 0.999992
8005.73 0.999992 0 0.999992
8061.77 0.999992 0 0.999992
8118.2 0.999993 0 0.999993
8175.03 0.999993 0 0.999993
8232.25 0.999993 0 0.999993
8289.88 0.999993 0 0.999993
8347.91 0.999993 0 0.999993
8406.34 0.999993 0 0.999993
8465.19 0.999993 0 0.999993
8524.44 0.999993 0 0.999993
8584.11 0.999993 0 0.999993
8644.2 0.999993 0 0.999993
8704.71 0.999994 0 0.999994
8765.64 0.999994 0 0.999994
8827 0.999994 0 0.999994
8888.79 0.999994 0 0.999994
8951.02 0.999994 0 0.999994
9013.67 0.999994 0 0.999994
9076.77 0.999994 0 0.999994
9140.31 0.999994 0 0.999994
9204.29 0.999994 0 0.999994
9268.72 0.999994 0 0.999994
9333.6 0.999994 0 0.999994
9398.93 0.999994 0 0.999994
9464.73 0.999995 0 0.999995
9530.98 0.999995 0 0.999995
9597.7 0.999995 0 0.999995
9664.88 0.999995 0 0.999995
9732.53 0.999995 0 0.999995
9800.66 0.999995 0 0.999995
9869.27 0.999995 0 0.999995
9938.35 0.999995 0 0.999995
10007.9 0.999995 0 0.999995
10078 0.999995 0 0.999995
10148.5 0.999995 0 0.999995
10219.6 0.999995 0 0.999995
10291.1 0.999995 0 0.999995
10363.1 0.999995 0 0.999995
10435.7 0.999996 0 0.999996
10508.7 0.999996 0 0.999996
10582.3 0.999996 0 0.999996
10656.4 0.999996 0 0.999996
10731 0.999996 0 0.999996
10806.1 0.999996 0 0.999996
10881.7 0.999996 0 0.999996
10957.9 0.999996 0 0.999996
11034.6 0.999996 0 0.999996
11111.8 0.999996 0 0.999996
11189.6 0.999996 0 0.999996
11267.9 0.999996 0 0.999996
11346.8 0.999996 0 0.999996
11426.3 0.999996 0 0.999996
11506.2 0.999996 0 0.999996
11586.8 0.999996 0 0.999996
11667.9 0.999996 0 0.999996
11749.6 0.999996 0 0.999996
11831.8 0.999997 0 0.999997
11914.6 0.999997 0 0.999997
11998 0.999997 0 0.999997
12082 0.999997 0 0.999997
12166.6 0.999997 0 0.999997
12251.8 0.999997 0 0.999997
12337.5 0.999997 0 0.999997
12423.9 0.999997 0 0.999997
12510.9 0.999997 0 0.999997
12598.4 0.999997 0 0.999997
12686.6 0.999997 0 0.999997
12775.4 0.999997 0 0.999997
12864.9 0.999997 0 0.999997
12954.9 0.999997 0 0.999997
13045.6 0.999997 0 0.999997
13136.9 0.999997 0 0.999997
13228.9 0.999997 0 0.999997
13321.5 0.999997 0 0.999997
13414.7 0.999997 0 0.999997
13508.6 0.999997 0 0.999997
13603.2 0.999997 0 0.999997
13698.4 0.999997 0 0.999997
13794.3 0.999997 0 0.999997
13890.9 0.999998 0 0.999998
13988.1 0.999998 0 0.999998
14086 0.999998 0 0.999998
14184.6 0.999998 0 0.999998
14283.9 0.999998 0 0.999998
14383.9 0.999998 0 0.999998
14484.6 0.999998 0 0.999998
14586 0.999998 0 0.999998
14688.1 0.999998 0 0.999998
14790.9 0.999998 0 0.999998
14894.4 0.999998 0 0.999998
14998.7 0.999998 0 0.999998
15103.7 0.999998 0 0.999998
15209.4 0.999998 0 0.999998
15315.9 0.999998 0 0.999998
15423.1 0.999998 0 0.999998
15531 0.999998 0 0.999998
15639.8 0.999998 0 0.999998
15749.2 0.999998 0 0.999998
15859.5 0.999998 0 0.999998
15970.5 0.999998 0 0.999998
16082.3 0.999998 0 0.999998
16194.9 0.999998 0 0.999998
16308.2 0.999998 0 0.999998
16422.4 0.999998 0 0.999998
16537.3 0.999998 0 0.999998
16653.1 0.999998 0 0.999998
16769.7 0.999998 0 0.999998
16887.1 0.999998 0 0.999998
17005.3 0.999998 0 0.999998
17124.3 0.999998 0 0.999998
17244.2 0.999998 0 0.999998
17364.9 0.999998 0 0.999998
17486.4 0.999998 0 0.999998
17608.8 0.999998 0 0.999998
17732.1 0.999998 0 0.999998
17856.2 0.999999 0 0.999999
17981.2 0.999999 0 0.999999
18107.1 0.999999 0 0.999999
18233.8 0.999999 0 0.999999
18361.5 0.999999 0 0.999999
18490 0.999999 0 0.999999
18619.4 0.999999 0 0.999999
18749.8 0.999999 0 0.999999
18881 0.999999 0 0.999999
19013.2 0.999999 0 0.999999
19146.3 0.999999 0 0.999999
19280.3 0.999999 0 0.999999
19415.3 0.999999 0 0.999999
19551.2 0.999999 0 0.999999
19688 0.999999 0 0.999999
19825.9 0.999999 0 0.999999
19964.6 0.999999 0 0.999999
20104.4 0.999999 0 0.999999
20245.1 0.999999 0 0.999999
20386.8 0.999999 0 0.999999
20529.5 0.999999 0 0.999999
20673.2 0.999999 0 0.999999
20818 0.999999 0 0.999999
20963.7 0.999999 0 0.999999
21110.4 0.999999 0 0.999999
21258.2 0.999999 0 0.999999
21407 0.999999 0 0.999999
21556.9 0.999999 0 0.999999
21707.8 0.999999 0 0.999999
21859.7 0.999999 0 0.999999
22012.7 0.999999 0 0.999999
22166.8 0.999999 0 0.999999
22322 0.999999 0 0.999999
22478.2 0.999999 0 0.999999
22635.6 0.999999 0 0.999999
22794 0.999999 0 0.999999
22953.6 0.999999 0 0.999999
23114.3 0.999999 0 0.999999
23276.1 0.999999 0 0.999999
23439 0.999999 0 0.999999
23603.1 0.999999 0 0.999999
23768.3 0.999999 0 0.999999
23934.7 0.999999 0 0.999999
24102.2 0.999999 0 0.999999
24270.9 0.999999 0 0.999999
24440.8 0.999999 0 0.999999
24611.9 0.999999 0 0.999999
24784.2 0.999999 0 0.999999
24957.7 0.999999 0 0.999999
25132.4 0.999999 0 0.999999
25308.3 0.999999 0 0.999999
25485.5 0.999999 0 0.999999
25663.9 0.999999 0 0.999999
25843.5 0.999999 0 0.999999
26024.4 0.999999 0 0.999999
26206.6 0.999999 0 0.999999
26390.1 0.999999 0 0.999999
26574.8 0.999999 0 0.999999
26760.8 0.999999 0 0.999999
26948.1 0.999999 0 0.999999
27136.8 0.999999 0 0.999999
27326.7 0.999999 0 0.999999
27518 0.999999 0 0.999999
27710.6 0.999999 0 0.999999
27904.6 0.999999 0 0.999999
28099.9 0.999999 0 0.999999
28296.6 0.999999 0 0.999999
28494.7 0.999999 0 0.999999
28694.2 0.999999 0 0.999999
28895 0.999999 0 0.999999
29097.3 0.999999 0 0.999999
29301 0.999999 0 0.999999
29506.1 0.999999 0 0.999999
29712.6 0.999999 0 0.999999
29920.6 0.999999 0 0.999999
30130.1 0.999999 0 0.999999
30341 0.999999 0 0.999999
30553.4 0.999999 0 0.999999
30767.2 1 0 1
30982.6 1 0 1
31199.5 1 0 1
31417.9 1 0 1
31637.8 1 0 1
31859.3 1 0 1
32082.3 1 0 1
32306.9 1 0 1
32533 1 0 1
32760.7 1 0 1
32990.1 1 0 1
33221 1 0 1
33453.6 1 0 1
33687.7 1 0 1
33923.5 1 0 1
34161 1 0 1
34400.1 1 0 1
34640.9 1 0 1
34883.4 1 0 1
35127.6 1 0 1
35373.5 1 0 1
35621.1 1 0 1
35870.5 1 0 1
36121.6 1 0 1
36374.4 1 0 1
36629 1 0 1
36885.4 1 0 1
37143.6 1 0 1
37403.6 1 0 1
37665.5 1 0 1
37929.1 1 0 1
38194.6 1 0 1
38462 1 0 1
38731.2 1 0 1
39002.3 1 0 1
39275.3 1 0 1
39550.3 1 0 1
39827.1 1 0 1
40105.9 1 0 1
40386.7 1 0 1
40669.4 1 0 1
40954.1 1 0 1
41240.7 1 0 1
41529.4 1 0 1
41820.1 1 0 1
42112.9 1 0 1
42407.7 1 0 1
42704.5 1 0 1
43003.4 1 0 1
43304.5 1 0 1
43607.6 1 0 1
43912.8 1 0 1
44220.2 1 0 1
44529.8 1 0 1
44841.5 1 0 1
45155.4 1 0 1
45471.5 1 0 1
45789.8 1 0 1
46110.3 1 0 1
46433.1 1 0 1
46758.1 1 0 1
47085.4 1 0 1
47415 1 0 1
47746.9 1 0 1
48081.1 1 0 1
48417.7 1 0 1
48756.6 1 0 1
49097.9 1 0 1
49441.6 1 0 1
49787.7 1 0 1
50136.2 1 0 1
50487.2 1 0 1
50840.6 1 0 1
51196.5 1 0 1
51554.8 1 0 1
51915.7 1 0 1
52279.1 1 0 1
52645.1 1 0 1
53013.6 1 0 1
53384.7 1 0 1
53758.4 1 0 1
54134.7 1 0 1
54513.6 1 0 1
54895.2 1 0 1
55279.5 1 0 1
55666.5 1 0 1
56056.1 1 0 1
56448.5 1 0 1
56843.7 1 0 1
57241.6 1 0 1
57642.3 1 0 1
58045.7 1 0 1
58452.1 1 0 1
58861.2 1 0 1
59273.3 1 0 1
59688.2 1 0 1
60106 1 0 1
60526.7 1 0 1
60950.4 1 0 1
61377.1 1 0 1
61806.7 1 0 1
62239.4 1 0 1
62675 1 0 1
63113.8 1 0 1
63555.6 1 0 1
64000.4 1 0 1
64448.4 1 0 1
64899.6 1 0 1
65353.9 1 0 1
65811.4 1 0 1
66272 1 0 1
66735.9 1 0 1
67203.1 1 0 1
67673.5 1 0 1
68147.2 1 0 1
68624.3 1 0 1
69104.6 1 0 1
69588.4 1 0 1
70075.5 1 0 1
70566 1 0 1
71060 1 0 1
71557.4 1 0 1
72058.3 1 0 1
72562.7 1 0 1
73070.6 1 0 1
73582.1 1 0 1
74097.2 1 0 1
74615.9 1 0 1
75138.2 1 0 1
75664.2 1 0 1
76193.8 1 0 1
76727.2 1 0 1
77264.3 1 0 1
77805.1 1 0 1
78349.8 1 0 1
78898.2 1 0 1
79450.5 1 0 1
80006.6 1 0 1
80566.7 1 0 1
81130.7 1 0 1
81698.6 1 0 1
82270.5 1 0 1
82846.4 1 0 1
83426.3 1 0 1
84010.3 1 0 1
84598.3 1 0 1
85190.5 1 0 1
85786.9 1 0 1
86387.4 1 0 1
86992.1 1 0 1
87601 1 0 1
88214.2 1 0 1
88831.7 1 0 1
89453.5 1 0 1
90079.7 1 0 1
90710.3 1 0 1
91345.3 1 0 1
91984.7 1 0 1
92628.6 1 0 1
93277 1 0 1
93929.9 1 0 1
94587.4 1 0 1
95249.5 1 0 1
95916.3 1 0 1
96587.7 1 0 1
97263.8 1 0 1
97944.6 1 0 1
98630.3 1 0 1
99320.7 1 0 1
100016 1 0 1
100716 1 0 1
101421 1 0 1
102131 1 0 1
102846 1 0 1
103566 1 0 1
104291 1 0 1
105021 1 0 1
105756 1 0 1
106496 1 0 1
107242 1 0 1
107992 1 0 1
108748 1 0 1
109510 1 0 1
110276 1 0 1
111048 1 0 1
111825 1 0 1
112608 1 0 1
113396 1 0 1
114190 1 0 1
114990 1 0 1
115795 1 0 1
116605 1 0 1
117421 1 0 1
118243 1 0 1
119071 1 0 1
119904 1 0 1
120744 1 0 1
121589 1 0 1
122440 1 0 1
123297 1 0 1
124160 1 0 1
125029 1 0 1
125905 1 0 1
126786 1 0 1
127673 1 0 1
128567 1 0 1
129467 1 0 1
130373 1 0 1
131286 1 0 1
132205 1 0 1
133130 1 0 1
134062 1 0 1
135001 1 0 1
135946 1 0 1
136897 1 0 1
137856 1 0 1
138821 1 0 1
139792 1 0 1
140771 1 0 1
141756 1 0 1
142749 1 0 1
143748 1 0 1
144754 1 0 1
145767 1 0 1
146788 1 0 1
147815 1 0 1
148850 1 0 1
149892 1 0 1
150941 1 0 1
151998 1 0 1
153062 1 0 1
154133 1 0 1
155212 1 0 1
156299 1 0 1
157393 1 0 1
158494 1 0 1
159604 1 0 1
160721 1 0 1
161846 1 0 1
162979 1 0 1
164120 1 0 1
165269 1 0 1
166426 1 0 1
167591 1 0 1
168764 1 0 1
169945 1 0 1
171135 1 0 1
172333 1 0 1
173539 1 0 1
174754 1 0 1
175977 1 0 1
177209 1 0 1
178449 1 0 1
179699 1 0 1
180956 1 0 1
182223 1 0 1
183499 1 0 1
184783 1 0 1
186077 1 0 1
187379 1 0 1
188691 1 0 1
190012 1 0 1
191342 1 0 1
192681 1 0 1
194030 1 0 1
195388 1 0 1
196756 1 0 1
198133 1 0 1
199520 1 0 1
200917 1 0 1
202323 1 0 1
203739 1 0 1
205166 1 0 1
206602 1 0 1
208048 1 0 1
209504 1 0 1
210971 1 0 1
212448 1 0 1
213935 1 0 1
215432 1 0 1
216940 1 0 1
218459 1 0 1
219988 1 0 1
221528 1 0 1
223079 1 0 1
224640 1 0 1
226213 1 0 1
227796 1 0 1
229391 1 0 1
230997 1 0 1
232614 1 0 1
234242 1 0 1
235882 1 0 1
237533 1 0 1
239195 1 0 1
240870 1 0 1
242556 1 0 1
244254 1 0 1
245964 1 0 1
247685 1 0 1
249419 1 0 1
251165 1 0 1
252923 1 0 1
254694 1 0 1
256477 1 0 1
258272 1 0 1
260080 1 0 1
261900 1 0 1
263734 1 0 1
265580 1 0 1
267439 1 0 1
269311 1 0 1
271196 1 0 1
273094 1 0 1
275006 1 0 1
276931 1 0 1
278870 1 0 1
280822 1 0 1
282788 1 0 1
284767 1 0 1
286760 1 0 1
288768 1 0 1
290789 1 0 1
292825 1 0 1
294874 1 0 1
296938 1 0 1
299017 1 0 1
301110 1 0 1
303218 1 0 1
305340 1 0 1
307478 1 0 1
309630 1 0 1
311798 1 0 1
313980 1 0 1
316178 1 0 1
318391 1 0 1
320620 1 0 1
322864 1 0 1
325124 1 0 1
327400 1 0 1
329692 1 0 1
332000 1 0 1
334324 1 0 1
336664 1 0 1
339021 1 0 1
341394 1 0 1
343784 1 0 1
346190 1 0 1
348614 1 0 1
351054 1 0 1
353511 1 0 1
355986 1 0 1
358478 1 0 1
360987 1 0 1
363514 1 0 1
366059 1 0 1
368621 1 0 1
371201 1 0 1
373800 1 0 1
376416 1 0 1
379051 1 0 1
381705 1 0 1
384377 1 0 1
387067 1 0 1
389777 1 0 1
392505 1 0 1
395253 1 0 1
398019 1 0 1
400806 1 0 1
403611 1 0 1
406436 1 0 1
409282 1 0 1
412147 1 0 1
415032 1 0 1
417937 1 0 1
420862 1 0 1
423808 1 0 1
426775 1 0 1
429762 1 0 1
432771 1 0 1
435800 1 0 1
438851 1 0 1
441923 1 0 1
445016 1 0 1
448131 1 0 1
451268 1 0 1
454427 1 0 1
457608 1 0 1
460811 1 0 1
464037 1 0 1
467285 1 0 1
470556 1 0 1
473850 1 0 1
477167 1 0 1
480507 1 0 1
483871 1 0 1
487258 1 0 1
490669 1 0 1
494103 1 0 1
497562 1 0 1
501045 1 0 1
504552 1 0 1
508084 1 0 1
511641 1 0 1
515222 1 0 1
518829 1 0 1
522461 1 0 1
526118 1 0 1
529801 1 0 1
533509 1 0 1
537244 1 0 1
541005 1 0 1
544792 1 0 1
548605 1 0 1
552445 1 0 1
556313 1 0 1
560207 1 0 1
564128 1 0 1
568077 1 0 1
572054 1 0 1
576058 1 0 1
580090 1 0 1
584151 1 0 1
588240 1 0 1
592358 1 0 1
596504 1 0 1
600680 1 0 1
604885 1 0 1
609119 1 0 1
613383 1 0 1
617676 1 0 1
622000 1 0 1
626354 1 0 1
630738 1 0 1
635154 1 0 1
639600 1 0 1
644077 1 0 1
648585 1 0 1
653126 1 0 1
657697 1 0 1
662301 1 0 1
666937 1 0 1
671606 1 0 1
676307 1 0 1
681041 1 0 1
685809 1 0 1
690609 1 0 1
695444 1 0 1
700312 1 0 1
705214 1 0 1
710150 1 0 1
715121 1 0 1
720127 1 0 1
725168 1 0 1
730244 1 0 1
735356 1 0 1
740504 1 0 1
745687 1 0 1
750907 1 0 1
756163 1 0 1
761456 1 0 1
766787 1 0 1
772154 1 0 1
777559 1 0 1
783002 1 0 1
788483 1 0 1
794002 1 0 1
799560 1 0 1
805157 1 0 1
810794 1 0 1
816469 1 0 1
822184 1 0 1
827940 1 0 1
833735 1 0 1
839571 1 0 1
845448 1 0 1
851367 1 0 1
857326 1 0 1
863327 1 0 1
869371 1 0 1
875456 1 0 1
881584 1 0 1
887756 1 0 1
893970 1 0 1
900228 1 0 1
906529 1 0 1
912875 1 0 1
919265 1 0 1
925700 1 0 1
932180 1 0 1
938705 1 0 1
945276 1 0 1
951893 1 0 1
958556 1 0 1
965266 1 0 1
972023 1 0 1
978827 1 0 1
985679 1 0 1
992579 1 0 1
999527 1 0 1
1.00652e+06 1 0 1
1.01357e+06 1 0 1
1.02066e+06 1 0 1
1.02781e+06 1 0 1
1.035e+06 1 0 1
1.04225e+06 1 0 1
1.04954e+06 1 0 1
1.05689e+06 1 0 1
1.06429e+06 1 0 1
1.07174e+06 1 0 1
1.07924e+06 1 0 1
1.0868e+06 1 0 1
1.0944e+06 1 0 1
1.10206e+06 1 0 1
1.10978e+06 1 0 1
1.11755e+06 1 0 1
1.12537e+06 1 0 1
1.13325e+06 1 0 1
1.14118e+06 1 0 1
1.14917e+06 1 0 1
1.15721e+06 1 0 1
1.16531e+06 1 0 1
1.17347e+06 1 0 1
1.18168e+06 1 0 1
1.18996e+06 1 0 1
1.19829e+06 1 0 1
1.20667e+06 1 0 1
1.21512e+06 1 0 1
1.22363e+06 1 0 1
1.23219e+06 1 0 1
1.24082e+06 1 0 1
1.2495e+06 1 0 1
1.25825e+06 1 0 1
1.26706e+06 1 0 1
1.27593e+06 1 0 1
1.28486e+06 1 0 1
1.29385e+06 1 0 1
1.30291e+06 1 0 1
1.31203e+06 1 0 1
1.32121e+06 1 0 1
1.33046e+06 1 0 1
1.33978e+06 1 0 1
1.34915e+06 1 0 1
1.3586e+06 1 0 1
1.36811e+06 1 0 1
1.37769e+06 1 0 1
1.38733e+06 1 0 1
1.39704e+06 1 0 1
1.40682e+06 1 0 1
1.41667e+06 1 0 1
1.42658e+06 1 0 1
1.43657e+06 1 0 1
1.44663e+06 1 0 1
1.45675e+06 1 0 1
1.46695e+06 1 0 1
1.47722e+06 1 0 1
1.48756e+06 1 0 1
1.49797e+06 1 0 1
1.50846e+06 1 0 1
1.51902e+06 1 0 1
1.52965e+06 1 0 1
1.54036e+06 1 0 1
1.55114e+06 1 0 1
1.562e+06 1 0 1
1.57293e+06 1 0 1
1.58394e+06 1 0 1
1.59503e+06 1 0 1
1.6062e+06 1 0 1
1.61744e+06 1 0 1
1.62876e+06 1 0 1
1.64016e+06 1 0 1
1.65164e+06 1 0 1
1.6632e+06 1 0 1
1.67485e+06 1 0 1
1.68657e+06 1 0 1
1.69838e+06 1 0 1
1.71027e+06 1 0 1
1.72224e+06 1 0 1
1.73429e+06 1 0 1
1.74643e+06 1 0 1
1.75866e+06 1 0 1
1.77097e+06 1 0 1
1.78337e+06 1 0 1
1.79585e+06 1 0 1
1.80842e+06 1 0 1
1.82108e+06 1 0 1
1.83383e+06 1 0 1
1.84666e+06 1 0 1
1.85959e+06 1 0 1
1.87261e+06 1 0 1
1.88572e+06 1 0 1
1.89892e+06 1 0 1
1.91221e+06 1 0 1
1.92559e+06 1 0 1
1.93907e+06 1 0 1
1.95265e+06 1 0 1
1.96631e+06 1 0 1
1.98008e+06 1 0 1
1.99394e+06 1 0 1
2.0079e+06 1 0 1
2.02195e+06 1 0 1
2.03611e+06 1 0 1
2.05036e+06 1 0 1
2.06471e+06 1 0 1
2.07916e+06 1 0 1
2.09372e+06 1 0 1
2.10837e+06 1 0 1
2.12313e+06 1 0 1
2.13799e+06 1 0 1
2.15296e+06 1 0 1
2.16803e+06 1 0 1
2.18321e+06 1 0 1
2.19849e+06 1 0 1
2.21388e+06 1 0 1
2.22938e+06 1 0 1
2.24498e+06 1 0 1
2.2607e+06 1 0 1
2.27652e+06 1 0 1
2.29246e+06 1 0 1
2.30851e+06 1 0 1
2.32466e+06 1 0 1
2.34094e+06 1 0 1
2.35732e+06 1 0 1
2.37383e+06 1 0 1
2.39044e+06 1 0 1
2.40718e+06 1 0 1
2.42403e+06 1 0 1
2.44099e+06 1 0 1
2.45808e+06 1 0 1
2.47529e+06 1 0 1
2.49261e+06 1 0 1
2.51006e+06 1 0 1
2.52763e+06 1 0 1
2.54533e+06 1 0 1
2.56314e+06 1 0 1
2.58109e+06 1 0 1
2.59915e+06 1 0 1
2.61735e+06 1 0 1
2.63567e+06 1 0 1
2.65412e+06 1 0 1
2.6727e+06 1 0 1
2.69141e+06 1 0 1
2.71025e+06 1 0 1
2.72922e+06 1 0 1
2.74832e+06 1 0 1
2.76756e+06 1 0 1
2.78693e+06 1 0 1
2.80644e+06 1 0 1
2.82609e+06 1 0 1
2.84587e+06 1 0 1
2.86579e+06 1 0 1
2.88585e+06 1 0 1
2.90605e+06 1 0 1
2.92639e+06 1 0 1
2.94688e+06 1 0 1
2.96751e+06 1 0 1
2.98828e+06 1 0 1
3.0092e+06 1 0 1
3.03026e+06 1 0 1
3.05147e+06 1 0 1
3.07283e+06 1 0 1
3.09434e+06 1 0 1
3.116e+06 1 0 1
3.13782e+06 1 0 1
3.15978e+06 1 0 1
3.1819e+06 1 0 1
3.20417e+06 1 0 1
3.2266e+06 1 0 1
3.24919e+06 1 0 1
3.27193e+06 1 0 1
3.29484e+06 1 0 1
3.3179e+06 1 0 1
3.34113e+06 1 0 1
3.36451e+06 1 0 1
3.38806e+06 1 0 1
3.41178e+06 1 0 1
3.43566e+06 1 0 1
3.45971e+06 1 0 1
3.48393e+06 1 0 1
3.50832e+06 1 0 1
3.53288e+06 1 0 1
3.55761e+06 1 0 1
3.58251e+06 1 0 1
3.60759e+06 1 0 1
3.63284e+06 1 0 1
3.65827e+06 1 0 1
3.68388e+06 1 0 1
3.70967e+06 1 0 1
3.73563e+06 1 0 1
3.76178e+06 1 0 1
3.78812e+06 1 0 1
3.81463e+06 1 0 1
3.84134e+06 1 0 1
3.86822e+06 1 0 1
3.8953e+06 1 0 1
3.92257e+06 1 0 1
3.95003e+06 1 0 1
3.97768e+06 1 0 1
4.00552e+06 1 0 1
4.03356e+06 1 0 1
4.06179e+06 1 0 1
4.09023e+06 1 0 1
4.11886e+06 1 0 1
4.14769e+06 1 0 1
4.17672e+06 1 0 1
4.20596e+06 1 0 1
4.2354e+06 1 0 1
4.26505e+06 1 0 1
4.29491e+06 1 0 1
4.32497e+06 1 0 1
4.35525e+06 1 0 1
4.38573e+06 1 0 1
4.41643e+06 1 0 1
4.44735e+06 1 0 1
4.47848e+06 1 0 1
4.50983e+06 1 0 1
4.5414e+06 1 0 1
4.57319e+06 1 0 1
4.6052e+06 1 0 1
4.63744e+06 1 0 1
4.6699e+06 1 0 1
4.70259e+06 1 0 1
4.73551e+06 1 0 1
4.76865e+06 1 0 1
4.80203e+06 1 0 1
4.83565e+06 1 0 1
4.8695e+06 1 0 1
4.90358e+06 1 0 1
4.93791e+06 1 0 1
4.97248e+06 1 0 1
5.00728e+06 1 0 1
5.04233e+06 1 0 1
5.07763e+06 1 0 1
5.11317e+06 1 0 1
5.14897e+06 1 0 1
5.18501e+06 1 0 1
5.2213e+06 1 0 1
5.25785e+06 1 0 1
5.29466e+06 1 0 1
5.33172e+06 1 0 1
5.36904e+06 1 0 1
5.40663e+06 1 0 1
5.44447e+06 1 0 1
5.48258e+06 1 0 1
5.52096e+06 1 0 1
5.55961e+06 1 0 1
5.59852e+06 1 0 1
5.63771e+06 1 0 1
5.67718e+06 1 0 1
5.71692e+06 1 0 1
5.75694e+06 1 0 1
5.79724e+06 1 0 1
5.83782e+06 1 0 1
5.87868e+06 1 0 1
5.91983e+06 1 0 1
5.96127e+06 1 0 1
6.003e+06 1 0 1
6.04502e+06 1 0 1
6.08734e+06 1 0 1
6.12995e+06 1 0 1
6.17286e+06 1 0 1
6.21607e+06 1 0 1
6.25958e+06 1 0 1
6.3034e+06 1 0 1
6.34752e+06 1 0 1
6.39195e+06 1 0 1
6.4367e+06 1 0 1
6.48175e+06 1 0 1
6.52713e+06 1 0 1
6.57282e+06 1 0 1
6.61883e+06 1 0 1
6.66516e+06 1 0 1
6.71181e+06 1 0 1
6.7588e+06 1 0 1
6.80611e+06 1 0 1
6.85375e+06 1 0 1
6.90173e+06 1 0 1
6.95004e+06 1 0 1
6.99869e+06 1 0 1
7.04768e+06 1 0 1
7.09701e+06 1 0 1
7.14669e+06 1 0 1
7.19672e+06 1 0 1
7.2471e+06 1 0 1
7.29783e+06 1 0 1
7.34891e+06 1 0 1
7.40035e+06 1 0 1
7.45216e+06 1 0 1
7.50432e+06 1 0 1
7.55685e+06 1 0 1
7.60975e+06 1 0 1
7.66302e+06 1 0 1
7.71666e+06 1 0 1
7.77067e+06 1 0 1
7.82507e+06 1 0 1
7.87984e+06 1 0 1
7.935e+06 1 0 1
7.99055e+06 1 0 1
8.04648e+06 1 0 1
8.10281e+06 1 0 1
8.15953e+06 1 0 1
8.21664e+06 1 0 1
8.27416e+06 1 0 1
8.33208e+06 1 0 1
8.3904e+06 1 0 1
8.44914e+06 1 0 1
8.50828e+06 1 0 1
8.56784e+06 1 0 1
8.62781e+06 1 0 1
8.68821e+06 1 0 1
8.74903e+06 1 0 1
8.81027e+06 1 0 1
8.87194e+06 1 0 1
8.93404e+06 1 0 1
8.99658e+06 1 0 1
9.05956e+06 1 0 1
9.12298e+06 1 0 1
9.18684e+06 1 0 1
9.25114e+06 1 0 1
9.3159e+06 1 0 1
9.38111e+06 1 0 1
9.44678e+06 1 0 1
9.51291e+06 1 0 1
9.5795e+06 1 0 1
9.64656e+06 1 0 1
9.71408e+06 1 0 1
9.78208e+06 1 0 1
9.85056e+06 1 0 1
9.91951e+06 1 0 1
9.98895e+06 1 0 1
1.00589e+07 1 0 1
1.01293e+07 1 0 1
1.02002e+07 1 0 1
1.02716e+07 1 0 1
1.03435e+07 1 0 1
1.04159e+07 1 0 1
1.04888e+07 1 0 1
1.05622e+07 1 0 1
1.06362e+07 1 0 1
1.07106e+07 1 0 1
1.07856e+07 1 0 1
1.08611e+07 1 0 1
1.09371e+07 1 0 1
1.10137e+07 1 0 1
1.10908e+07 1 0 1
1.11684e+07 1 0 1
1.12466e+07 1 0 1
1.13253e+07 1 0 1
1.14046e+07 1 0 1
1.14844e+07 1 0 1
1.15648e+07 1 0 1
1.16458e+07 1 0 1
1.17273e+07 1 0 1
1.18094e+07 1 0 1
1.1892e+07 1 0 1
1.19753e+07 1 0 1
1.20591e+07 1 0 1
1.21435e+07 1 0 1
1.22285e+07 1 0 1
1.23141e+07 1 0 1
1.24003e+07 1 0 1
1.24871e+07 1 0 1
1.25745e+07 1 0 1
1.26626e+07 1 0 1
1.27512e+07 1 0 1
1.28405e+07 1 0 1
1.29303e+07 1 0 1
1.30209e+07 1 0 1
1.3112e+07 1 0 1
1.32038e+07 1 0 1
1.32962e+07 1 0 1
1.33893e+07 1 0 1
1.3483e+07 1 0 1
1.35774e+07 1 0 1
1.36724e+07 1 0 1
1.37681e+07 1 0 1
1.38645e+07 1 0 1
1.39616e+07 1 0 1
1.40593e+07 1 0 1
1.41577e+07 1 0 1
1.42568e+07 1 0 1
1.43566e+07 1 0 1
1.44571e+07 1 0 1
1.45583e+07 1 0 1
1.46602e+07 1 0 1
1.47628e+07 1 0 1
1.48662e+07 1 0 1
1.49702e+07 1 0 1
1.5075e+07 1 0 1
1.51806e+07 1 0 1
1.52868e+07 1 0 1
1.53938e+07 1 0 1
1.55016e+07 1 0 1
1.56101e+07 1 0 1
1.57194e+07 1 0 1
1.58294e+07 1 0 1
1.59402e+07 1 0 1
1.60518e+07 1 0 1
1.61642e+07 1 0 1
1.62773e+07 1 0 1
1.63912e+07 1 0 1
1.6506e+07 1 0 1
1.66215e+07 1 0 1
1.67379e+07 1 0 1
1.6855e+07 1 0 1
1.6973e+07 1 0 1
1.70918e+07 1 0 1
1.72115e+07 1 0 1
1.7332e+07 1 0 1
1.74533e+07 1 0 1
1.75755e+07 1 0 1
1.76985e+07 1 0 1
1.78224e+07 1 0 1
1.79471e+07 1 0 1
1.80728e+07 1 0 1
1.81993e+07 1 0 1
1.83267e+07 1 0 1
1.8455e+07 1 0 1
1.85841e+07 1 0 1
1.87142e+07 1 0 1
1.88452e+07 1 0 1
1.89771e+07 1 0 1
1.911e+07 1 0 1
1.92438e+07 1 0 1
1.93785e+07 1 0 1
1.95141e+07 1 0 1
1.96507e+07 1 0 1
1.97883e+07 1 0 1
1.99268e+07 1 0 1
2.00663e+07 1 0 1
2.02067e+07 1 0 1
2.03482e+07 1 0 1
2.04906e+07 1 0 1
2.06341e+07 1 0 1
2.07785e+07 1 0 1
2.09239e+07 1 0 1
2.10704e+07 1 0 1
2.12179e+07 1 0 1
2.13664e+07 1 0 1
2.1516e+07 1 0 1
2.16666e+07 1 0 1
2.18183e+07 1 0 1
2.1971e+07 1 0 1
2.21248e+07 1 0 1
2.22797e+07 1 0 1
2.24356e+07 1 0 1
2.25927e+07 1 0 1
2.27508e+07 1 0 1
2.29101e+07 1 0 1
2.30705e+07 1 0 1
2.32319e+07 1 0 1
2.33946e+07 1 0 1
2.35583e+07 1 0 1
2.37232e+07 1 0 1
2.38893e+07 1 0 1
2.40565e+07 1 0 1
2.42249e+07 1 0 1
2.43945e+07 1 0 1
2.45653e+07 1 0 1
2.47372e+07 1 0 1
2.49104e+07 1 0 1
2.50848e+07 1 0 1
2.52603e+07 1 0 1
2.54372e+07 1 0 1
2.56152e+07 1 0 1
2.57945e+07 1 0 1
2.59751e+07 1 0 1
2.61569e+07 1 0 1
2.634e+07 1 0 1
2.65244e+07 1 0 1
2.67101e+07 1 0 1
2.6897e+07 1 0 1
2.70853e+07 1 0 1
2.72749e+07 1 0 1
2.74658e+07 1 0 1
2.76581e+07 1 0 1
2.78517e+07 1 0 1
2.80467e+07 1 0 1
2.8243e+07 1 0 1
2.84407e+07 1 0 1
2.86398e+07 1 0 1
2.88403e+07 1 0 1
2.90421e+07 1 0 1
2.92454e+07 1 0 1
2.94502e+07 1 0 1
2.96563e+07 1 0 1
2.98639e+07 1 0 1
3.00729e+07 1 0 1
3.02835e+07 1 0 1
3.04954e+07 1 0 1
3.07089e+07 1 0 1
3.09239e+07 1 0 1
3.11403e+07 1 0 1
3.13583e+07 1 0 1
3.15778e+07 1 0 1
3.17989e+07 1 0 1
3.20215e+07 1 0 1
3.22456e+07 1 0 1
3.24713e+07 1 0 1
3.26986e+07 1 0 1
3.29275e+07 1 0 1
3.3158e+07 1 0 1
3.33901e+07 1 0 1
3.36239e+07 1 0 1
3.38592e+07 1 0 1
3.40962e+07 1 0 1
3.43349e+07 1 0 1
3.45753e+07 1 0 1
3.48173e+07 1 0 1
3.5061e+07 1 0 1
3.53064e+07 1 0 1
3.55536e+07 1 0 1
3.58025e+07 1 0 1
3.60531e+07 1 0 1
3.63054e+07 1 0 1
3.65596e+07 1 0 1
3.68155e+07 1 0 1
3.70732e+07 1 0 1
3.73327e+07 1 0 1
3.7594e+07 1 0 1
3.78572e+07 1 0 1
3.81222e+07 1 0 1
3.83891e+07 1 0 1
3.86578e+07 1 0 1
3.89284e+07 1 0 1
3.92009e+07 1 0 1
3.94753e+07 1 0 1
3.97516e+07 1 0 1
4.00299e+07 1 0 1
4.03101e+07 1 0 1
4.05923e+07 1 0 1
4.08764e+07 1 0 1
4.11625e+07 1 0 1
4.14507e+07 1 0 1
4.17408e+07 1 0 1
4.2033e+07 1 0 1
4.23273e+07 1 0 1
4.26235e+07 1 0 1
4.29219e+07 1 0 1
4.32224e+07 1 0 1
4.35249e+07 1 0 1
4.38296e+07 1 0 1
4.41364e+07 1 0 1
4.44454e+07 1 0 1
4.47565e+07 1 0 1
4.50698e+07 1 0 1
4.53853e+07 1 0 1
4.5703e+07 1 0 1
4.60229e+07 1 0 1
4.6345e+07 1 0 1
4.66694e+07 1 0 1
4.69961e+07 1 0 1
4.73251e+07 1 0 1
4.76564e+07 1 0 1
4.799e+07 1 0 1
4.83259e+07 1 0 1
4.86642e+07 1 0 1
4.90048e+07 1 0 1
4.93479e+07 1 0 1
4.96933e+07 1 0 1
5.00412e+07 1 0 1
5.03914e+07 1 0 1
5.07442e+07 1 0 1
5.10994e+07 1 0 1
5.14571e+07 1 0 1
5.18173e+07 1 0 1
5.218e+07 1 0 1
5.25453e+07 1 0 1
5.29131e+07 1 0 1
5.32835e+07 1 0 1
5.36565e+07 1 0 1
5.40321e+07 1 0 1
5.44103e+07 1 0 1
5.47912e+07 1 0 1
5.51747e+07 1 0 1
5.55609e+07 1 0 1
5.59498e+07 1 0 1
5.63415e+07 1 0 1
5.67359e+07 1 0 1
5.7133e+07 1 0 1
5.7533e+07 1 0 1
5.79357e+07 1 0 1
5.83412e+07 1 0 1
5.87496e+07 1 0 1
5.91609e+07 1 0 1
5.9575e+07 1 0 1
5.9992e+07 1 0 1
6.0412e+07 1 0 1
6.08349e+07 1 0 1
6.12607e+07 1 0 1
6.16895e+07 1 0 1
6.21214e+07 1 0 1
6.25562e+07 1 0 1
6.29941e+07 1 0 1
6.34351e+07 1 0 1
6.38791e+07 1 0 1
6.43263e+07 1 0 1
6.47765e+07 1 0 1
6.523e+07 1 0 1
6.56866e+07 1 0 1
6.61464e+07 1 0 1
6.66094e+07 1 0 1
6.70757e+07 1 0 1
6.75452e+07 1 0 1
6.8018e+07 1 0 1
6.84942e+07 1 0 1
6.89736e+07 1 0 1
6.94564e+07 1 0 1
6.99426e+07 1 0 1
7.04322e+07 1 0 1
7.09253e+07 1 0 1
7.14217e+07 1 0 1
7.19217e+07 1 0 1
7.24251e+07 1 0 1
7.29321e+07 1 0 1
7.34426e+07 1 0 1
7.39567e+07 1 0 1
7.44744e+07 1 0 1
7.49958e+07 1 0 1
7.55207e+07 1 0 1
7.60494e+07 1 0 1
7.65817e+07 1 0 1
7.71178e+07 1 0 1
7.76576e+07 1 0 1
7.82012e+07 1 0 1
7.87486e+07 1 0 1
7.92999e+07 1 0 1
7.9855e+07 1 0 1
8.04139e+07 1 0 1
8.09768e+07 1 0 1
8.15437e+07 1 0 1
8.21145e+07 1 0 1
8.26893e+07 1 0 1
8.32681e+07 1 0 1
8.3851e+07 1 0 1
8.44379e+07 1 0 1
8.5029e+07 1 0 1
8.56242e+07 1 0 1
8.62236e+07 1 0 1
8.68271e+07 1 0 1
8.74349e+07 1 0 1
8.8047e+07 1 0 1
8.86633e+07 1 0 1
8.9284e+07 1 0 1
8.99089e+07 1 0 1
9.05383e+07 1 0 1
9.11721e+07 1 0 1
9.18103e+07 1 0 1
9.24529e+07 1 0 1
9.31001e+07 1 0 1
9.37518e+07 1 0 1
9.44081e+07 1 0 1
9.50689e+07 1 0 1
9.57344e+07 1 0 1
9.64046e+07 1 0 1
9.70794e+07 1 0 1
9.7759e+07 1 0 1
9.84433e+07 1 0 1
9.91324e+07 1 0 1
9.98263e+07 1 0 1
1.00525e+08 1 0 1
1.01229e+08 1 0 1
1.01937e+08 1 0 1
1.02651e+08 1 0 1
1.03369e+08 1 0 1
1.04093e+08 1 0 1
1.04822e+08 1 0 1
1.05555e+08 1 0 1
1.06294e+08 1 0 1
1.07038e+08 1 0 1
1.07788e+08 1 0 1
1.08542e+08 1 0 1
1.09302e+08 1 0 1
1.10067e+08 1 0 1
1.10838e+08 1 0 1
1.11613e+08 1 0 1
1.12395e+08 1 0 1
1.13181e+08 1 0 1
1.13974e+08 1 0 1
1.14772e+08 1 0 1
1.15575e+08 1 0 1
1.16384e+08 1 0 1
1.17199e+08 1 0 1
1.18019e+08 1 0 1
1.18845e+08 1 0 1
1.19677e+08 1 0 1
1.20515e+08 1 0 1
1.21358e+08 1 0 1
1.22208e+08 1 0 1
1.23063e+08 1 0 1
1.23925e+08 1 0 1
1.24792e+08 1 0 1
1.25666e+08 1 0 1
1.26546e+08 1 0 1
1.27431e+08 1 0 1
1.28323e+08 1 0 1
1.29222e+08 1 0 1
1.30126e+08 1 0 1
1.31037e+08 1 0 1
1.31954e+08 1 0 1
1.32878e+08 1 0 1
1.33808e+08 1 0 1
1.34745e+08 1 0 1
1.35688e+08 1 0 1
1.36638e+08 1 0 1
1.37594e+08 1 0 1
1.38558e+08 1 0 1
1.39527e+08 1 0 1
1.40504e+08 1 0 1
1.41488e+08 1 0 1
1.42478e+08 1 0 1
1.43475e+08 1 0 1
1.4448e+08 1 0 1
1.45491e+08 1 0 1
1.4651e+08 1 0 1
1.47535e+08 1 0 1
1.48568e+08 1 0 1
1.49608e+08 1 0 1
1.50655e+08 1 0 1
1.5171e+08 1 0 1
1.52772e+08 1 0 1
1.53841e+08 1 0 1
1.54918e+08 1 0 1
1.56002e+08 1 0 1
1.57094e+08 1 0 1
1.58194e+08 1 0 1
1.59301e+08 1 0 1
1.60416e+08 1 0 1
1.61539e+08 1 0 1
1.6267e+08 1 0 1
1.63809e+08 1 0 1
1.64956e+08 1 0 1
1.6611e+08 1 0 1
1.67273e+08 1 0 1
1.68444e+08 1 0 1
1.69623e+08 1 0 1
1.7081e+08 1 0 1
1.72006e+08 1 0 1
1.7321e+08 1 0 1
1.74423e+08 1 0 1
1.75643e+08 1 0 1
1.76873e+08 1 0 1
1.78111e+08 1 0 1
1.79358e+08 1 0 1
1.80613e+08 1 0 1
1.81878e+08 1 0 1
1.83151e+08 1 0 1
1.84433e+08 1 0 1
1.85724e+08 1 0 1
1.87024e+08 1 0 1
1.88333e+08 1 0 1
1.89651e+08 1 0 1
1.90979e+08 1 0 1
1.92316e+08 1 0 1
1.93662e+08 1 0 1
1.95018e+08 1 0 1
1.96383e+08 1 0 1
1.97758e+08 1 0 1
1.99142e+08 1 0 1
2.00536e+08 1 0 1
2.0194e+08 1 0 1
2.03353e+08 1 0 1
2.04777e+08 1 0 1
2.0621e+08 1 0 1
2.07654e+08 1 0 1
2.09107e+08 1 0 1
2.10571e+08 1 0 1
2.12045e+08 1 0 1
2.13529e+08 1 0 1
2.15024e+08 1 0 1
2.16529e+08 1 0 1
2.18045e+08 1 0 1
2.19571e+08 1 0 1
2.21108e+08 1 0 1
2.22656e+08 1 0 1
2.24214e+08 1 0 1
2.25784e+08 1 0 1
2.27364e+08 1 0 1
2.28956e+08 1 0 1
2.30559e+08 1 0 1
2.32173e+08 1 0 1
2.33798e+08 1 0 1
2.35434e+08 1 0 1
2.37082e+08 1 0 1
2.38742e+08 1 0 1
2.40413e+08 1 0 1
2.42096e+08 1 0 1
2.43791e+08 1 0 1
2.45497e+08 1 0 1
2.47216e+08 1 0 1
2.48946e+08 1 0 1
2.50689e+08 1 0 1
2.52444e+08 1 0 1
2.54211e+08 1 0 1
2.5599e+08 1 0 1
2.57782e+08 1 0 1
2.59587e+08 1 0 1
2.61404e+08 1 0 1
2.63234e+08 1 0 1
2.65076e+08 1 0 1
2.66932e+08 1 0 1
2.688e+08 1 0 1
2.70682e+08 1 0 1
2.72577e+08 1 0 1
2.74485e+08 1 0 1
2.76406e+08 1 0 1
2.78341e+08 1 0 1
2.80289e+08 1 0 1
2.82251e+08 1 0 1
2.84227e+08 1 0 1
2.86217e+08 1 0 1
2.8822e+08 1 0 1
2.90238e+08 1 0 1
2.92269e+08 1 0 1
2.94315e+08 1 0 1
2.96376e+08 1 0 1
2.9845e+08 1 0 1
3.00539e+08 1 0 1
3.02643e+08 1 0 1
3.04762e+08 1 0 1
3.06895e+08 1 0 1
3.09043e+08 1 0 1
3.11206e+08 1 0 1
3.13385e+08 1 0 1
3.15579e+08 1 0 1
3.17788e+08 1 0 1
3.20012e+08 1 0 1
3.22252e+08 1 0 1
3.24508e+08 1 0 1
3.2678e+08 1 0 1
3.29067e+08 1 0 1
3.31371e+08 1 0 1
3.3369e+08 1 0 1
3.36026e+08 1 0 1
3.38378e+08 1 0 1
3.40747e+08 1 0 1
3.43132e+08 1 0 1
3.45534e+08 1 0 1
3.47953e+08 1 0 1
3.50388e+08 1 0 1
3.52841e+08 1 0 1
3.55311e+08 1 0 1
3.57798e+08 1 0 1
3.60303e+08 1 0 1
3.62825e+08 1 0 1
3.65365e+08 1 0 1
3.67922e+08 1 0 1
3.70498e+08 1 0 1
3.73091e+08 1 0 1
3.75703e+08 1 0 1
3.78333e+08 1 0 1
3.80981e+08 1 0 1
3.83648e+08 1 0 1
3.86333e+08 1 0 1
3.89038e+08 1 0 1
3.91761e+08 1 0 1
3.94503e+08 1 0 1
3.97265e+08 1 0 1
4.00046e+08 1 0 1
4.02846e+08 1 0 1
4.05666e+08 1 0 1
4.08506e+08 1 0 1
4.11365e+08 1 0 1
4.14245e+08 1 0 1
4.17144e+08 1 0 1
4.20064e+08 1 0 1
4.23005e+08 1 0 1
4.25966e+08 1 0 1
4.28948e+08 1 0 1
4.3195e+08 1 0 1
4.34974e+08 1 0 1
4.38019e+08 1 0 1
4.41085e+08 1 0 1
4.44172e+08 1 0 1
4.47282e+08 1 0 1
4.50413e+08 1 0 1
4.53566e+08 1 0 1
4.56741e+08 1 0 1
4.59938e+08 1 0 1
4.63157e+08 1 0 1
4.66399e+08 1 0 1
4.69664e+08 1 0 1
4.72952e+08 1 0 1
4.76262e+08 1 0 1
4.79596e+08 1 0 1
4.82953e+08 1 0 1
4.86334e+08 1 0 1
4.89738e+08 1 0 1
4.93167e+08 1 0 1
4.96619e+08 1 0 1
5.00095e+08 1 0 1
5.03596e+08 1 0 1
5.07121e+08 1 0 1
5.10671e+08 1 0 1
5.14246e+08 1 0 1
5.17845e+08 1 0 1
5.2147e+08 1 0 1
5.2512e+08 1 0 1
5.28796e+08 1 0 1
5.32498e+08 1 0 1
5.36225e+08 1 0 1
5.39979e+08 1 0 1
5.43759e+08 1 0 1
5.47565e+08 1 0 1
5.51398e+08 1 0 1
5.55258e+08 1 0 1
5.59145e+08 1 0 1
5.63059e+08 1 0 1
5.67e+08 1 0 1
5.70969e+08 1 0 1
5.74966e+08 1 0 1
5.78991e+08 1 0 1
5.83044e+08 1 0 1
5.87125e+08 1 0 1
5.91235e+08 1 0 1
5.95373e+08 1 0 1
5.99541e+08 1 0 1
6.03738e+08 1 0 1
6.07964e+08 1 0 1
6.1222e+08 1 0 1
6.16505e+08 1 0 1
6.20821e+08 1 0 1
6.25167e+08 1 0 1
6.29543e+08 1 0 1
6.33949e+08 1 0 1
6.38387e+08 1 0 1
6.42856e+08 1 0 1
6.47356e+08 1 0 1
6.51887e+08 1 0 1
6.56451e+08 1 0 1
6.61046e+08 1 0 1
6.65673e+08 1 0 1
6.70333e+08 1 0 1
6.75025e+08 1 0 1
6.7975e+08 1 0 1
6.84508e+08 1 0 1
6.893e+08 1 0 1
6.94125e+08 1 0 1
6.98984e+08 1 0 1
7.03877e+08 1 0 1
7.08804e+08 1 0 1
7.13766e+08 1 0 1
7.18762e+08 1 0 1
7.23793e+08 1 0 1
7.2886e+08 1 0 1
7.33962e+08 1 0 1
7.391e+08 1 0 1
7.44273e+08 1 0 1
7.49483e+08 1 0 1
7.5473e+08 1 0 1
7.60013e+08 1 0 1
7.65333e+08 1 0 1
7.7069e+08 1 0 1
7.76085e+08 1 0 1
7.81518e+08 1 0 1
7.86988e+08 1 0 1
7.92497e+08 1 0 1
7.98045e+08 1 0 1
8.03631e+08 1 0 1
8.09256e+08 1 0 1
8.14921e+08 1 0 1
8.20626e+08 1 0 1
8.2637e+08 1 0 1
8.32155e+08 1 0 1
8.3798e+08 1 0 1
8.43845e+08 1 0 1
8.49752e+08 1 0 1
8.55701e+08 1 0 1
8.61691e+08 1 0 1
8.67722e+08 1 0 1
8.73796e+08 1 0 1
8.79913e+08 1 0 1
8.86072e+08 1 0 1
8.92275e+08 1 0 1
8.98521e+08 1 0 1
9.04811e+08 1 0 1
9.11144e+08 1 0 1
9.17522e+08 1 0 1
9.23945e+08 1 0 1
9.30412e+08 1 0 1
9.36925e+08 1 0 1
9.43484e+08 1 0 1
9.50088e+08 1 0 1
9.56739e+08 1 0 1
9.63436e+08 1 0 1
9.7018e+08 1 0 1
9.76971e+08 1 0 1
9.8381e+08 1 0 1
9.90697e+08 1 0 1
9.97632e+08 1 0 1
1.00462e+09 1 0 1
1.01165e+09 1 0 1
1.01873e+09 1 0 1
1.02586e+09 1 0 1
1.03304e+09 1 0 1
1.04027e+09 1 0 1
1.04755e+09 1 0 1
1.05489e+09 1 0 1
1.06227e+09 1 0 1
1.06971e+09 1 0 1
1.0772e+09 1 0 1
1.08474e+09 1 0 1
1.09233e+09 1 0 1
1.09998e+09 1 0 1
1.10767e+09 1 0 1
1.11543e+09 1 0 1
1.12324e+09 1 0 1
1.1311e+09 1 0 1
1.13902e+09 1 0 1
1.14699e+09 1 0 1
1.15502e+09 1 0 1
1.1631e+09 1 0 1
1.17125e+09 1 0 1
1.17944e+09 1 0 1
1.1877e+09 1 0 1
1.19601e+09 1 0 1
1.20439e+09 1 0 1
1.21282e+09 1 0 1
1.22131e+09 1 0 1
1.22986e+09 1 0 1
1.23847e+09 1 0 1
1.24713e+09 1 0 1
1.25586e+09 1 0 1
1.26466e+09 1 0 1
1.27351e+09 1 0 1
1.28242e+09 1 0 1
1.2914e+09 1 0 1
1.30044e+09 1 0 1
1.30954e+09 1 0 1
1.31871e+09 1 0 1
1.32794e+09 1 0 1
1.33724e+09 1 0 1
1.3466e+09 1 0 1
1.35602e+09 1 0 1
1.36551e+09 1 0 1
1.37507e+09 1 0 1
1.3847e+09 1 0 1
1.39439e+09 1 0 1
1.40415e+09 1 0 1
1.41398e+09 1 0 1
1.42388e+09 1 0 1
1.43385e+09 1 0 1
1.44388e+09 1 0 1
1.45399e+09 1 0 1
1.46417e+09 1 0 1
1.47442e+09 1 0 1
1.48474e+09 1 0 1
1.49513e+09 1 0 1
1.5056e+09 1 0 1
1.51614e+09 1 0 1
1.52675e+09 1 0 1
1.53744e+09 0 0 0
