7.17387 1 102.798 2.26722e-45
7.22409 1 101.821 6.02022e-45
7.27465 1 100.838 1.60928e-44
7.32558 1 99.8491 4.32616e-44
7.37686 1 98.8516 1.17299e-43
7.42849 1 97.849 3.19688e-43
7.48049 1 96.8474 8.704e-43
7.53286 1 95.8382 2.38785e-42
7.58559 1 94.8182 6.62159e-42
7.63869 1 93.7987 1.83551e-41
7.69216 1 92.7753 5.10733e-41
7.746 1 91.7413 1.43639e-40
7.80022 1 90.6938 4.09421e-40
7.85482 1 89.6621 1.14875e-39
7.90981 1 88.6171 3.26643e-39
7.96518 1 87.5545 9.45261e-39
8.02093 1 86.506 2.69732e-38
8.07708 1 85.4412 7.82307e-38
8.13362 1 84.3724 2.27785e-37
8.19055 1 83.304 6.63033e-37
8.24789 1 82.2348 1.93151e-36
8.30562 1 81.1484 5.72421e-36
8.36376 1 80.071 1.68112e-35
8.42231 1 78.9832 4.98919e-35
8.48127 1 77.8918 1.48606e-34
8.54063 1 76.796 4.44545e-34
8.60042 1 75.7013 1.32845e-33
8.66062 1 74.5984 4.00243e-33
8.72125 1 73.487 1.21615e-32
8.7823 1 72.3825 3.66994e-32
8.84377 1 71.2687 1.11791e-31
8.90568 1 70.1564 3.39998e-31
8.96802 1 69.0445 1.03361e-30
9.03079 1 67.9256 3.16423e-30
9.09401 1 66.804 9.71402e-30
9.15767 1 65.6775 2.9965e-29
9.22177 1 64.5504 9.24906e-29
9.28632 1 63.4291 2.8385e-28
9.35133 1 62.3001 8.77812e-28
9.41679 1 61.1756 2.70245e-27
9.4827 1 60.0426 8.39145e-27
9.54908 1 58.9086 2.60802e-26
9.61593 1 57.7803 8.06012e-26
9.68324 1 56.6506 2.49439e-25
9.75102 1 55.5154 7.76162e-25
9.81928 1 54.3899 2.39212e-24
9.88801 1 53.2557 7.43623e-24
9.95723 1 52.1269 2.29915e-23
10.0269 1 50.9924 7.14978e-23
10.0971 1 49.8684 2.20002e-22
10.1678 1 48.7411 6.79231e-22
10.239 1 47.6224 2.079e-21
10.3106 1 46.5019 6.37487e-21
10.3828 1 45.3798 1.95801e-20
10.4555 1 44.2637 5.97778e-20
10.5287 1 43.1561 1.80942e-19
10.6024 1 42.0469 5.48582e-19
10.6766 1 40.9449 1.65148e-18
10.7513 1 39.8411 4.98017e-18
10.8266 1 38.75 1.48275e-17
10.9024 1 37.6572 4.42275e-17
10.9787 1 36.5774 1.30207e-16
11.0556 1 35.4984 3.8305e-16
11.1329 1 34.4275 1.11766e-15
11.2109 1 33.3609 3.2476e-15
11.2894 1 32.3062 9.32361e-15
11.3684 1 31.2598 2.65493e-14
11.448 1 30.2188 7.51835e-14
11.5281 1 29.1861 2.11183e-13
11.6088 1 28.1672 5.84975e-13
11.69 1 27.1533 1.61239e-12
11.7719 1 26.1567 4.368e-12
11.8543 1 25.166 1.17632e-11
11.9373 1 24.1897 3.12286e-11
12.0208 1 23.2218 8.22095e-11
12.105 1 22.269 2.13159e-10
12.1897 1 21.3326 5.43709e-10
12.275 1 20.4072 1.37175e-09
12.361 1 19.4966 3.40984e-09
12.4475 1 18.6019 8.34225e-09
12.5346 1 17.7213 2.01253e-08
12.6224 1 16.861 4.7571e-08
12.7107 1 16.0165 1.10698e-07
12.7997 1 15.1892 2.53181e-07
12.8893 1 14.3814 5.67849e-07
12.9795 1 13.5925 1.24978e-06
13.0704 1 12.8237 2.69613e-06
13.1619 1 12.075 5.70051e-06
13.254 1 11.3491 1.17796e-05
13.3468 1 10.6439 2.38451e-05
13.4402 1 9.95912 4.72944e-05
13.5343 1 9.30171 9.12678e-05
13.629 1 8.66592 0.00017236
13.7244 1 8.05382 0.000317884
13.8205 1 7.46741 0.000571404
13.9172 1 6.90497 0.00100279
14.0147 1 6.36737 0.00171668
14.1128 1 5.85767 0.00285789
14.2116 1 5.37248 0.00464261
14.311 1 4.91321 0.00734887
14.4112 1 4.47949 0.0113391
14.5121 1 4.07193 0.0170445
14.6137 1 3.69005 0.0249708
14.716 1 3.33317 0.03568
14.819 1 2.99964 0.0498052
14.9227 1 2.69244 0.0677157
15.0272 1 2.40858 0.0899431
15.1324 1 2.14621 0.116927
15.2383 1 1.90743 0.148461
15.345 1 1.68833 0.184828
15.4524 1 1.48992 0.225391
15.5605 1 1.31032 0.269733
15.6695 1 1.14815 0.317223
15.7791 1 1.00268 0.366896
15.8896 1 0.872677 0.417831
16.0008 1 0.757071 0.469038
16.1128 1 0.654658 0.51962
16.2256 1 0.564177 0.568828
16.3392 1 0.484441 0.616042
16.4536 1 0.414749 0.660506
16.5688 1 0.35401 0.701868
16.6847 1 0.300993 0.740083
16.8015 1 0.25527 0.774707
16.9191 1 0.215752 0.805935
17.0376 1 0.181721 0.833834
17.1568 1 0.152572 0.858497
17.2769 1 0.127707 0.880111
17.3979 1 0.106566 0.898916
17.5197 1 0.0886494 0.915166
17.6423 1 0.0735154 0.929122
17.7658 1 0.0607571 0.941052
17.8902 1 0.0500027 0.951227
18.0154 1 0.0410486 0.959782
18.1415 1 0.0335582 0.966999
18.2685 1 0.0273448 0.973026
18.3964 1 0.0221818 0.978062
18.5251 1 0.0179187 0.982241
18.6548 1 0.0144335 0.98567
18.7854 1 0.0115682 0.988498
18.9169 1 0.00922801 0.990814
19.0493 1 0.00732458 0.992702
19.1827 1 0.00579031 0.994226
19.3169 1 0.00455592 0.995454
19.4522 1 0.00356058 0.996446
19.5883 1 0.00277171 0.997232
19.7254 1 0.00214521 0.997857
19.8635 1 0.00165155 0.99835
20.0026 1 0.00126466 0.998736
20.1426 1 0.000962442 0.999038
20.2836 1 0.000729325 0.999271
20.4256 1 0.000549699 0.99945
20.5685 1 0.000411656 0.999588
20.7125 1 0.000306691 0.999693
20.8575 1 0.000227439 0.999773
21.0035 1 0.000167638 0.999832
21.1505 1 0.000123018 0.999877
21.2986 1 8.96794e-05 0.99991
21.4477 1 6.50444e-05 0.999935
21.5978 1 4.68915e-05 0.999953
21.749 1 3.35986e-05 0.999966
21.9012 1 2.39194e-05 0.999976
22.0545 1 1.68924e-05 0.999983
22.2089 1 1.18433e-05 0.999988
22.3644 1 8.21829e-06 0.999992
22.5209 1 5.64921e-06 0.999994
22.6786 1 3.83835e-06 0.999996
22.8373 1 2.56665e-06 0.999997
22.9972 1 1.6847e-06 0.999998
23.1582 1 1.07674e-06 0.999999
23.3203 1 6.75446e-07 0.999999
23.4835 1 4.08661e-07 1
23.6479 1 2.34304e-07 1
23.8134 1 1.21427e-07 1
23.9801 1 5.60147e-08 1
24.148 1 1.86344e-08 1
24.317 1 0 1
